1
2 640
3 4 41 59 67 94
4 34 36 3 41 46 50 5
5 6 36 43 38 51 4
6 7 5 37 38
7 6 8 37 39
8 7 9 39
9 8 10 39
10 9 11 39 53
11 10 12 53 69 112 134
12 11 13 69
13 12 14
14 13 15
15 16 14
16 15 17
17 16 18 70
18 17 19 52 70 63 84
19 18 33 52 20
20 33 21 56 57 64 19
21 22 44 20 64 68 75
22 21 23 44 45 66
23 24 22 45
24 25 23 45 47 58
25 24 26 47
26 25 27 47 58 54
27 28 26 48 54
28 27 48 30
29
30 28 49 55 48 42
31 32 35 42
32 31 35
33 19 20 52 56 63
34 4 46 43 50
35 31 32 42 60 72
36 4 5 43 50
37 6 38 7 51 39
38 6 37 5 51
39 8 7 9 10 53 51 37
40 631
41 3 4 65 59 78 77 82 46
42 35 49 60 61 30 31
43 5 36 34 50 46 51 62 83 99
44 21 22 68 66
45 23 24 22 66 58 76 92 100
46 4 34 43 62 65 41
47 25 26 24 58
48 28 30 27 54 55
49 30 42 61 55
50 4 34 36 43
51 37 39 53 43 5 38 86 88 99
52 19 33 18 63
53 39 10 51 11 88 112
54 27 48 26 58 55 74 80 87 90
55 48 30 54 49 61 74 79 93 101 105
56 33 20 57 63 89 97
57 20 56 64 97 109
58 47 26 54 24 45 80 87 95 100 113
59 3 41 82 91 103 94 111
60 42 35 73 61 72
61 49 42 60 55 79 73
62 46 43 65 85 83
63 52 33 56 18 84 89
64 20 21 57 75 110 109
65 41 46 62 77 85
66 22 45 44 68 76 92 81 102 107
67 3 94 104 142
68 21 44 66 75 81
69 11 12 134 137
70 17 18 84 141 147
71 646 642 647
72 35 60 73 96 114 119
73 60 61 79 72 96
74 54 55 93 101 90 116 105 122 127 139
75 21 68 64 81 110
76 45 66
77 41 65 78 85 98 82
78 41 82 77
79 61 73 55 96 105
80 58 54 87
81 68 75 66 107 110
82 41 78 59 91 98 77
83 62 43 85 98 106 99 123 140
84 18 63 89 117 70 148 147 97
85 77 65 62 83 98
86 51 88 99 125 131
87 58 80 54 90 95 108 116 132 138 143
88 51 53 86 112 128 125 150 159
89 63 56 97 84
90 87 54 74
91 59 82 98 103 120 123
92 66 45 100 102 107
93 74 55 101
94 3 59 67 111 129 142 164 188 191
95 58 87 113 132 136
96 73 72 79 105 119
97 89 57 109 118 117 121 84 56
98 82 85 83 106 91 123 77
99 43 51 86 83 126 131 146 140 150 169
100 45 58 92 115 107 113 157
101 93 55 74
102 66 92 107
103 59 91 111 120 130
104 67 142 332 372
105 55 96 74 127 119 139 79
106 83 98 123
107 81 66 102 110 92 100 115 156 163 172
108 87 138
109 97 57 64 110 118 135 144 155
110 64 109 75 81 107 156 144 155 177 179
111 59 103 94 130 129
112 53 11 88 134 159 217 280
113 58 100 124 95 136 157 158 168 175
114 72 119 153
115 100 107 157 172
116 74 87 122 143 152
117 84 97 121 145 148 170
118 97 121 109 135 161 145
119 96 114 105 153 139 72
120 103 123 133 130 151 91 181
121 97 117 118 145
122 74 116 139 152 166
123 120 91 98 106 133 83 140
124 113
125 86 131 88 150
126 99
127 105 74 139
128 88
129 94 111 130 151 164 167
130 111 103 120 129 151
131 99 86 125 150
132 95 87 138 136 149
133 120 123 140 181 199 206
134 11 69 112 137 217 252
135 118 109 155 161 189 194 202
136 113 132 149 168 184 95
137 134 69 160 252
138 132 87 108 149 154 143 174 183 186 193
139 122 74 127 105 119 153 166 178
140 83 123 99 169 133 176 206
141 70 147 171 225 254
142 67 94 188 104 318 332
143 87 116 138 152 183 190
144 109 155 110
145 117 161 170 182 118 121
146 99 150 176
147 70 84 148 141 173 214 225
148 84 117 147 173 170
149 132 138 136 174 184
150 99 131 125 88 146 162 159 176
151 130 129 120 167 181
152 143 116 122 166 190
153 139 119 114 178 192
154 138
155 135 109 144 110 179 189
156 107 110 177 163
157 100 115 113 175 172 185
158 113
159 88 112 150 176 257 280
160 137 165
161 118 145 135 194 182
162 150
163 156 107 177 172 187 179 204 211 239
164 94 129 167 191 224 232
165 160 180
166 122 139 152 178 190 196 203
167 129 151 164 210 224 181
168 113 136 184 175 200
169 140 99 176
170 148 117 145 173 182 214
171 141 180
172 107 115 157 163 187 185
173 147 148 170 214
174 138 149 184 195 198 193
175 157 113 185 201 200 205 218 168
176 146 150 169 140 197 206 216 159 241 257
177 156 163 110 179
178 139 153 166 192 196 208
179 155 110 177 204 189 221 229 163 237 239
180 171 165
181 151 133 199 167 210 227 120
182 145 170 161 194 214 233
183 143 186 190 138 209
184 136 168 149 174 195 207
185 172 157 175 201 187 220
186 138 183 193 209 198 219
187 163 172 185 211 220
188 142 94 191 232 303 318
189 155 202 179 221 235 135
190 143 152 166 183 209 203
191 94 188 164 232
192 178 153 208 223
193 174 138 186 198
194 161 135 182 202 212 233
195 184 174 198 213 207 215
196 166 178 203 208 226
197 176
198 195 174 193 213 186 219 228
199 133 181 227 206 256 267
200 168 207 205 175
201 185 175 220 218 222 230 234
202 135 189 194 212 235
203 166 190 196 209 226
204 179 163
205 175 200 207 222 236 218
206 140 176 133 216 199 241 267 277
207 200 184 195 215 205 236 245
208 196 178 192 226 231 223 242
209 186 190 219 203 226 243 247 183
210 167 181 227 224 265 273
211 163 187 220 249 239
212 194 202 233 246 259 235
213 195 198 215 228 250 245
214 173 170 182 147 225 233 251
215 207 195 213 245
216 206 176 241
217 112 134 252 280 368 370
218 175 201 222 205
219 198 186 209 228 247 250
220 187 185 201 234 211 249 268
221 189 179 240 235 229
222 218 205 201 230 238 236 248
223 192 208 242
224 164 167 210 232 265 303
225 147 141 214 251 254 259 329
226 196 208 203 209 231 243 255
227 181 199 210 256 273
228 213 198 219 250
229 179 221 237 244 240 261
230 201 222 238 234 253
231 226 208 255 266 281
232 191 164 224 303 188
233 182 194 212 214 251 259
234 220 201 230 253 268 272 283
235 202 189 221 246 240 264 279 212
236 205 207 222 248 245 271
237 229 244 239 260 262 179
238 230 222 253 248 274
239 237 179 163 249 260 270 211
240 221 235 229 264 276 261
241 206 216 257 277 284 176
242 208 223 266 278
243 209 226 255 258 282 298 320 323
244 229 237 262 261
245 236 215 213 250 269 207 271
246 212 235 259 275 279
247 219 209 258 263 250
248 222 238 236 271 274
249 211 220 239 270 268
250 213 228 219 245 263 269 287 247
251 214 233 225 259
252 134 137 217 304 368
253 234 230 238 274 285 283 272
254 141 225 306 329 374
255 226 231 243 282 281 314
256 227 199 267 273 288 289
257 241 176 159 280 284 310 343 384 385
258 247 243 263 298 300 302
259 212 246 275 233 251 225 329
260 237 239 262 270 293 291
261 229 244 276 262 290 312 240
262 244 237 260 261 293 290
263 250 247 258 287 300 305
264 235 240 276 279 297
265 224 210 273 303 308
266 231 242 278 281
267 199 206 277 256 289 294
268 220 234 249 270 286 307 309 283
269 245 250 271 287 299 313
270 249 239 260 268 286 291 307
271 236 245 248 274 269 299
272 234 283 253
273 210 227 265 256 308 324 288
274 248 238 253 271 285 292 299
275 259 246 279 330 329 401 420 422
276 240 261 264 297 312
277 267 206 241 284 294 295
278 242 266 281 296 301
279 246 235 264 275 297 316 330
280 159 112 217 257 384 370 436
281 231 266 278 255 301 314
282 243 255 314 323 328
283 272 253 285 234 268 309
284 241 257 277 295 310 315
285 253 274 283 309 292 321
286 270 268 307
287 250 263 305 269 313
288 256 289 273 337 340 324
289 256 288 267 294 337
290 261 262 293 312 338 339
291 270 260 293 307 342 339
292 274 299 285 317 321
293 262 260 291 290 339
294 295 289 336 337 267 315 277
295 284 315 294 277
296 278 301 345 346
297 264 276 279 316 333 312
298 258 243 302 320
299 271 269 292 317 327 274 313
300 263 305 302 341 334 350 360 258 313
301 281 278 296 314 345
302 300 298 331 341 258 320
303 232 224 311 308 326 318 188 265
304 252 319 368
305 287 300 313 263
306 254 322 374
307 286 270 268 291 309 325 335 342
308 303 311 273 324 381 395 265
309 285 268 283 307 325 321
310 284 257 315 343 352
311 308 326 394 395 303
312 276 261 290 297 333 338 356
313 269 287 305 327 334 347 349 299 300
314 282 255 281 301 328 354 345
315 295 284 310 351 336 352 294
316 279 297 330 333 378
317 292 299 321 327 344 348
318 142 188 303 326 358 332 390 413
319 304 322
320 298 243 302 331 323 355 363
321 309 292 317 325 348 365 367 366 361 369 285
322 306 319
323 243 282 320 328 359 355
324 273 308 340 381 288
325 309 307 335 321 361
326 318 303 311 358 394
327 299 313 317 344 348 353 349 362
328 323 314 354 359 282
329 254 225 259 275 374 408 420
330 275 316 378 401 279
331 302 320 341 363
332 104 142 390 372 475 537 547 318
333 297 312 316 356 378
334 313 300 347 350
335 307 325 342 357 364 361
336 294 315 351 337 373 387
337 289 294 340 336 373 288
338 312 290 339 356 375
339 293 291 290 342 338 375 376 396 397 357
340 288 324 337 373 382 381
341 300 302 331 363 360
342 291 335 357 339 307
343 310 257 352 383 385
344 317 327 348
345 301 296 346 314 354 391 400
346 296 345 380 400
347 313 349 334 350 360 363 379 405 414
348 321 344 327 353 366 362 377 386 317
349 313 327 347 362 379
350 334 300 347 360
351 315 336 352 383 387
352 310 343 315 351 383
353 327 348 362
354 328 314 345 359 391 402
355 320 323 363 359 371 399
356 333 338 378 375 393 312
357 342 335 364 376 392 339
358 318 326 394 413 417
359 328 355 354 399 402 323
360 300 341 347 363 350
361 335 365 364 388 410 409 321 325
362 348 353 327 349 377 379
363 341 320 360 347 371 355 415 405 331
364 357 335 361 409 392
365 321 361 369
366 321 367 348 369 389 386
367 321 366 369
368 252 304 370 470 217
369 365 321 367 366 388 389
370 217 368 280 436 470
371 363 355 415 399 429
372 104 332 547
373 337 336 340 382 387 398 433 446
374 306 254 329 408 445
375 338 356 396 339 393 426
376 339 357 397 392 396 416
377 348 362 379 386 406
378 330 316 333 356 393 401
379 362 349 347 377 406 411 414
380 346 400 424
381 324 308 395 382 412 340
382 381 373 412 340 433
383 385 387 407 351 352 343
384 257 385 280 404 428 436 448
385 383 384 404 407 257 343
386 348 377 366 389 403
387 383 398 407 419 418 373 336 351
388 361 369 410 389
389 369 366 403 410 388 386
390 332 318 413 475
391 354 400 402 432 434 345
392 357 364 376 409 416 435
393 378 356 375 401 426 441
394 311 358 395 417 326 425
395 311 381 394 412 425 308
396 375 339 397 376 416 423 426
397 376 396 339
398 373 387 418 446 459
399 355 359 402 371 429
400 345 346 380 391 432 424
401 330 378 275 393 422 439 438 441
402 359 354 399 391 429 434 450
403 389 406 427 410 440 386
404 384 385 428 407 431
405 347 363 414 415 442 444
406 403 377 379 411 421 427
407 387 383 419 385 431 404
408 374 329 445 420 504
409 364 361 410 392 430 435
410 361 388 409 389 403 430 440 449
411 406 379 414 421 437
412 395 381 382 425 452 433
413 318 358 390 417 475 476
414 379 347 405 411 437 442 453 454
415 363 371 405 444 443
416 396 376 392 423 447 451 435
417 358 394 413 425 473 476
418 387 398 419 459 469
419 387 407 418 431 469
420 329 275 422 408 493 504 528 556
421 406 411 427 437 466
422 275 420 401 439 465 486 493 500
423 396 426 416 441 447
424 380 400 432 467
425 395 417 412 452 394 473
426 396 423 375 393 441
427 403 406 421 440 462 466
428 384 404 455 431 457 448
429 399 402 443 450 463 371
430 409 410 435 449 451 471
431 407 404 419 428 457
432 391 400 424 434 477 481 467
433 373 446 452 412 458 382
434 391 402 432 450 477
435 392 409 416 430 451
436 280 384 370 448 484 494 506 470 530 546 553
437 411 421 454 466 474 414
438 401 441 439 456 461
439 401 438 422 465 461
440 403 427 410 449 462 485
441 401 438 393 426 423 456 447 460 483
442 414 405 444 453 468
443 415 429 444 463 468 488
444 405 415 442 443 468
445 374 408 504 536
446 373 398 433 459 458 489 498
447 423 416 451 460 441
448 384 436 455 484 428
449 430 440 471 485 410
450 429 402 434 463 479 477
451 416 447 435 430 471 480 460
452 433 412 458 425 478 508 473
453 442 454 468 487 491 492 482 414
454 437 453 474 482 414
455 428 457 448 484 499
456 438 441 461 483 495 512
457 431 455 472 428
458 433 452 446 498 508 535 540
459 398 418 446 489 503
460 447 441 451 483 480 515 524 532
461 438 456 439 465 495
462 440 427 466 485 501
463 443 429 450 488 479 496
464
465 422 439 461 486 495
466 427 437 462 474 490 501 421
467 424 432 481 502
468 444 453 443 488 487 511 442
469 418 419 472
470 370 368 519 436 553
471 451 430 449 480 485
472 469 457 509
473 417 476 478 452 425
474 466 437 454 490 497 501 482
475 476 332 513 537 390 413
476 475 473 513 478 517 526 417 413
477 450 434 432 479 481 507 521
478 473 452 508 476 517 533
479 450 477 463 496 505 507
480 451 471 460 485 515
481 432 467 477 502 521
482 454 492 453 474 497
483 456 441 460 512 532 560 571 556 602
484 448 436 455 499 506
485 449 440 462 471 480 501 510 518 520 523 525
486 422 465 500 495 544 548 556 571
487 453 468 491 511 538
488 468 443 463 496 511 522
489 446 459 498 503 549
490 466 474 501
491 453 492 487 538
492 482 491 497 516 542 541 453 538
493 420 422 500 528
494 436 506 530 531
495 461 456 465 486 512 548
496 488 463 479 505 522
497 474 482 501 514 516 492
498 458 489 535 549 446
499 455 484 509 527 506 531
500 422 493 486 528 544
501 462 485 466 474 497 518 516 523 541 550 552 514 490
502 481 467 539 521
503 459 489
504 408 420 445 536 582 587 604 556
505 479 496 507 522 543 551
506 484 436 494 531 499
507 479 477 521 505 543
508 478 452 458 533 540
509 472 499 527 534
510 485 520
511 468 488 487 522 545 538
512 456 495 483 548 560
513 475 476 537 526
514 497 516 501
515 480 460 524 520
516 514 492 541 497 501 542
517 476 478 533 526 578
518 485 501
519 470 555 554
520 515 485 510 524 525 532 569 580
521 507 477 481 502 543 539 559
522 488 511 496 505 551 545
523 485 501 525 550 562 567
524 460 515 520 532
525 485 523 520 567 580
526 476 513 517 537 570 578
527 509 499 534 531 530 558 572
528 493 500 420 544 556
529 534 572 561 586 595
530 494 436 531 527 558 546 574 594 553
531 506 494 499 527 530
532 460 524 483 520 569 573 597 602 615
533 478 508 517 540 557 575 578
534 509 527 529 572
535 458 498 540 549 557 561
536 445 504 563 587
537 475 513 332 547 526 570
538 542 487 511 545 564 492 491
539 502 521 559 581
540 458 508 535 557 533
541 516 542 492 550 501
542 492 538 541 550 564 566 516
543 505 507 521 551 559 579
544 500 486 528 556
545 511 522 538 551 564 577
546 436 553 530
547 372 332 537 570 583 620 646
548 486 495 512 560 571
549 489 498 561 535
550 501 541 523 542 552 565 566 562 585 591 592 605
551 522 505 543 545 577 584 579
552 501 550
553 436 546 470 554 530 594 613 625 640 649
554 553 519 555
555 519 568 554
556 528 420 544 486 571 504 582 483 602
557 540 535 533 561 575
558 527 530 572 574 594
559 521 539 543 579 581 590
560 548 512 483 571
561 549 529 535 557 575 586
562 523 550 567 592
563 536 576 587
564 542 538 545 566 577 585
565 550
566 550 542 564 585
567 525 523 562 580 588 592 601
568 555 576
569 532 520 573 580 593 597
570 547 526 537 583 578 610
571 556 486 548 560 483
572 534 527 558 529 595 594 619 622
573 532 569 597
574 530 558 594
575 533 578 561 603 614 557
576 563 568
577 545 551 564 584 589 585
578 526 570 575 603 610 517 533
579 543 559 551 590 584 607 608
580 525 567 520 569 593 588
581 539 559 590 609
582 504 556 604 602 624
583 547 570 610 620 626
584 551 577 579 589 606 608
585 550 566 564 591 577 596 589 600
586 561 529 595 614 631
587 536 563 504 604
588 580 567 593 601 612
589 577 584 585 600
590 579 559 581 607 609
591 550 585 598 596 605 618
592 567 562 550 605 601 617 621
593 569 580 588 597 612
594 574 530 553 558 572 613 619
595 529 572 586 622 631
596 585 600 598 616 591
597 532 573 569 593 615 612
598 591 596 618 616
599
600 585 589 596 606 616
601 567 592 588 621 612
602 483 532 556 611 623 582 615 624 645
603 578 575 614 610 641
604 587 504 582 624 635 638
605 550 591 592 617 618 629 634
606 584 600 616 608 630
607 579 590 608 609
608 584 579 607 606 627 609 632 630
609 590 581 607 608 627 633
610 583 570 578 603 626 641 647
611 602
612 593 597 588 601 615 621 628
613 594 553 619 640
614 575 586 603 631 641
615 532 597 612 602 628 645 644 653
616 596 600 598 606 618 630 636 639
617 592 605 621 629
618 591 598 605 616 634 636
619 572 594 613 622 640
620 547 583 626 642 646
621 601 592 617 612 628 629 637
622 572 619 595 640 631
623 602
624 604 582 602 638 635 645
625 553 649
626 583 620 610 642 647
627 608 609 633 632 650
628 612 615 621 637 644
629 617 605 621 637 634
630 616 606 608 632 639 643
631 586 595 614 622 648 40 640
632 608 630 627 643 650 653
633 609 627 650
634 605 618 629 636 637 652 644
635 604 638 624
636 618 634 616 639 643 651 652
637 621 629 628 644 634
638 604 635 624
639 616 630 636 643
640 619 613 553 622 2 649 631
641 610 603 614 648 647
642 620 626 647 646 71
643 632 630 636 639 651 653
644 628 637 615 653 634 652
645 602 615 624 653
646 547 71 642 620
647 642 626 610 641 71
648 631 641
649 553 625 640
650 627 633 632
651 636 643 652 653
652 634 636 644 651 653
653 644 615 652 643 632 651 645
