1 3 51 
2 850 836 847 
3 1 4 51 65 
4 3 5 65 55 70 
5 4 6 55 
6 5 7 40 47 55 
7 6 40 42 8 
8 7 9 42 57 60 
9 8 10 60 
10 9 11 60 62 61 
11 10 12 48 61 85 92 
12 11 13 43 48 
13 12 14 43 49 
14 13 15 49 59 45 
15 14 16 45 
16 15 17 45 52 71 81 
17 16 18 52 
18 17 19 52 66 
19 18 20 50 66 
20 19 21 50 58 
21 20 22 58 63 
22 21 23 63 83 89 91 
23 22 24 64 68 69 83 
24 23 25 64 
25 24 26 64 
26 25 27 64 80 106 130 138 119 
27 26 28 119 
28 27 41 29 56 75 78 112 114 
29 28 30 41 46 56 78 146 161 
30 29 31 161 
31 30 32 53 79 116 161 175 180 
32 31 33 53 34 
33 32 34 
34 33 35 32 53 86 79 107 110 109 125 136 
35 34 36 38 88 107 145 157 87 162 173 174 
36 35 37 38 
37 36 38 
38 37 39 44 36 35 88 87 100 145 
39 38 44 54 87 115 151 
40 7 6 42 47 
41 28 29 46 56 
42 7 40 8 47 57 
43 12 13 49 48 92 
44 38 39 54 87 
45 15 16 14 59 71 84 
46 41 29 56 
47 40 6 42 55 57 67 
48 12 43 11 92 
49 13 43 14 59 92 93 
50 19 20 58 66 73 104 
51 1 3 65 74 
52 17 18 66 16 81 98 
53 32 31 34 79 
54 39 44 87 
55 6 47 5 67 4 70 76 
56 41 28 46 29 
57 42 8 47 60 67 77 82 
58 21 20 50 73 63 96 
59 14 49 45 84 93 94 
60 9 10 8 62 57 82 101 105 
61 11 10 62 85 103 
62 10 60 61 101 103 
63 21 58 22 89 96 
64 25 24 26 23 68 80 
65 3 4 51 74 70 95 108 
66 18 19 52 50 98 104 
67 55 47 57 77 76 97 
68 23 64 69 80 99 90 
69 23 68 83 90 99 
70 55 76 4 65 108 117 
71 16 45 81 84 
72 
73 50 58 96 102 104 
74 51 65 95 
75 28 78 114 
76 55 70 67 97 113 117 
77 57 67 82 97 105 113 
78 28 75 29 114 146 
79 31 53 34 109 116 
80 64 26 68 99 106 
81 16 52 71 98 84 127 129 
82 57 60 77 105 
83 23 22 69 90 91 111 
84 45 59 71 94 81 127 124 
85 11 61 103 92 131 140 137 
86 34 110 107 120 126 
87 44 38 54 100 39 115 145 151 152 162 35 
88 38 35 
89 22 63 91 96 133 
90 83 69 99 68 106 111 
91 22 89 83 111 123 133 132 
92 43 49 48 11 85 93 137 
93 49 59 94 92 124 137 141 
94 59 93 84 124 
95 74 65 108 118 
96 58 73 102 63 89 147 133 
97 67 76 77 113 
98 66 104 52 81 129 
99 68 80 69 90 106 
100 38 87 
101 60 62 103 105 121 143 150 
102 73 96 104 147 142 
103 62 61 85 101 131 143 
104 66 50 73 98 129 102 142 
105 82 77 60 101 113 121 128 
106 90 99 80 111 123 26 130 134 135 138 154 158 167 185 
107 34 35 86 120 153 157 
108 95 65 70 117 122 118 
109 79 34 116 159 136 
110 34 86 126 125 144 
111 83 90 91 106 123 
112 28 114 119 166 213 215 
113 97 77 76 117 105 128 139 
114 75 78 28 112 146 166 178 193 
115 87 39 151 
116 79 109 31 159 175 
117 76 113 108 70 122 139 149 
118 95 108 122 156 
119 27 26 112 138 
120 86 107 126 153 
121 105 101 128 150 
122 108 117 118 149 156 
123 106 111 91 132 134 
124 93 94 141 84 127 170 
125 34 110 136 144 148 163 
126 110 86 120 144 148 153 164 
127 84 81 124 129 170 177 
128 113 105 121 139 150 172 176 
129 98 104 81 127 142 177 191 216 
130 26 106 138 
131 103 85 143 140 169 190 
132 123 91 134 133 147 194 
133 89 91 96 147 132 
134 123 106 135 132 171 188 194 210 227 
135 106 134 154 171 
136 34 125 109 163 165 159 
137 92 93 85 141 140 
138 130 26 106 185 119 205 217 215 
139 113 117 128 149 172 160 
140 85 131 137 141 170 190 
141 93 124 137 140 170 
142 104 102 129 147 191 
143 101 103 131 150 169 
144 125 110 126 148 
145 38 87 35 
146 114 78 29 178 161 196 197 
147 102 96 133 132 142 184 191 194 
148 144 126 125 164 163 
149 122 117 139 156 160 
150 101 143 121 128 169 176 199 190 
151 87 115 39 152 162 189 174 247 273 284 
152 87 151 162 
153 120 107 157 126 164 168 
154 106 135 158 171 
155 
156 118 122 149 160 187 179 
157 107 35 153 168 174 202 207 221 226 241 
158 106 154 167 171 181 192 203 
159 116 109 136 165 175 186 183 195 
160 149 156 139 172 179 
161 30 31 180 29 146 200 197 228 231 234 248 
162 87 152 35 151 173 189 
163 136 125 165 148 164 183 182 
164 148 126 153 163 168 182 
165 136 163 159 183 
166 112 114 193 213 225 
167 106 158 185 203 
168 153 157 164 182 202 
169 143 131 150 190 
170 124 141 127 177 140 190 216 238 
171 135 154 134 158 181 188 
172 128 139 176 160 179 198 199 
173 35 162 174 189 
174 35 157 173 189 151 207 226 247 263 273 
175 116 159 31 186 180 204 
176 128 172 150 199 
177 127 170 129 216 
178 146 114 196 193 
179 160 172 156 187 198 
180 31 161 175 200 204 219 
181 171 158 192 188 209 
182 164 163 183 168 201 202 
183 163 182 165 159 195 201 
184 147 191 194 237 
185 106 167 138 203 205 
186 175 159 195 204 214 
187 156 179 198 206 208 
188 134 171 181 209 210 
189 162 173 151 174 
190 131 169 140 170 150 199 211 238 
191 142 147 129 184 216 242 237 243 
192 181 158 203 209 218 
193 114 166 178 196 225 
194 132 147 184 134 227 237 
195 159 183 186 201 212 214 
196 178 146 197 193 225 236 255 
197 146 196 161 231 236 
198 179 187 172 208 199 222 
199 172 176 150 190 211 198 220 222 
200 161 180 219 228 235 245 
201 183 182 195 202 212 
202 168 182 201 157 212 221 223 
203 167 185 158 192 205 218 224 240 244 
204 175 186 180 219 214 229 232 
205 185 138 203 217 224 
206 187 208 233 
207 157 174 
208 187 198 206 233 222 
209 188 181 192 210 218 230 
210 134 188 209 227 239 230 
211 199 190 220 238 265 276 
212 195 201 214 202 223 
213 166 112 215 225 246 253 
214 186 195 212 204 223 232 
215 112 138 213 217 224 253 268 256 271 275 278 254 
216 177 129 191 170 238 242 285 294 
217 138 205 224 215 
218 203 192 209 230 244 249 252 254 260 
219 180 204 200 229 235 257 
220 199 211 222 276 267 289 308 318 349 351 
221 202 157 223 241 232 
222 198 199 220 208 233 267 
223 212 202 221 214 232 
224 205 217 203 240 215 256 
225 193 166 196 213 246 255 
226 157 174 241 263 279 280 
227 134 194 210 237 239 258 277 298 300 320 319 324 329 
228 161 200 245 248 251 
229 219 204 232 257 
230 209 218 210 239 252 262 270 293 
231 197 161 234 236 264 259 
232 214 204 229 223 221 241 257 272 286 305 
233 206 208 222 267 
234 161 231 248 259 
235 200 219 245 257 292 
236 197 196 231 255 261 264 
237 194 227 184 191 243 274 277 
238 170 216 190 211 265 282 285 
239 210 227 230 258 262 270 
240 203 224 244 250 256 
241 157 221 226 232 272 280 
242 191 243 216 274 294 302 303 
243 191 242 237 274 
244 218 203 240 249 250 
245 228 200 235 251 266 292 
246 213 225 253 255 295 299 
247 174 151 273 
248 161 228 251 234 259 
249 244 250 218 254 
250 244 249 240 254 256 
251 248 228 245 266 259 
252 218 230 260 254 293 304 316 
253 215 213 268 246 290 295 301 
254 249 218 250 260 256 269 252 278 281 215 275 287 304 317 326 330 
255 196 225 236 261 246 297 299 306 312 
256 240 224 250 215 254 278 
257 219 229 235 232 292 305 
258 227 239 270 300 
259 234 248 231 264 251 266 
260 218 254 252 269 
261 236 255 264 288 297 
262 230 239 270 
263 226 174 273 279 307 
264 231 259 236 261 266 288 296 305 
265 211 238 276 282 311 314 
266 251 245 259 264 291 292 296 
267 233 222 220 289 
268 215 253 271 290 
269 260 254 
270 239 262 258 230 293 300 
271 215 268 275 283 290 325 338 340 
272 232 241 280 286 323 
273 174 247 263 151 307 284 363 380 386 416 425 436 439 
274 242 243 237 277 302 
275 215 271 283 254 287 
276 220 211 265 314 318 337 
277 237 227 274 302 310 319 
278 256 215 254 
279 226 263 280 307 323 342 
280 241 226 279 272 323 
281 254 
282 238 265 285 311 
283 275 271 287 327 338 
284 151 273 380 399 406 419 425 
285 238 216 282 294 315 311 
286 232 272 305 323 374 358 378 
287 254 275 283 327 330 343 
288 261 264 297 305 313 
289 267 220 308 333 339 
290 271 268 253 301 325 
291 266 292 296 305 
292 266 291 257 235 245 305 
293 270 230 252 300 316 328 334 352 
294 216 285 242 303 309 315 336 346 
295 246 253 301 299 332 350 
296 264 266 291 305 
297 255 261 288 306 313 
298 227 324 329 
299 246 255 295 332 312 313 360 367 
300 258 270 293 227 320 321 322 352 
301 253 290 295 325 347 350 
302 242 274 277 303 310 
303 242 302 294 309 310 331 345 
304 252 254 316 317 
305 288 264 296 291 292 257 232 313 286 358 
306 255 297 312 313 
307 263 273 279 342 363 
308 289 220 339 349 351 
309 294 303 346 345 
310 302 277 303 319 331 
311 282 265 314 285 315 354 
312 255 306 299 313 
313 288 297 305 306 312 299 367 358 392 
314 265 311 276 337 354 365 
315 285 294 311 336 354 
316 293 252 304 317 326 328 
317 304 254 316 326 
318 276 220 337 351 356 372 
319 277 227 310 329 331 
320 227 300 321 324 335 341 344 348 
321 300 320 322 335 
322 300 321 335 352 
323 272 280 286 279 342 371 374 
324 298 227 320 329 344 341 
325 290 271 301 340 347 370 
326 316 317 254 330 328 353 364 
327 287 283 343 338 
328 293 316 334 326 364 357 
329 227 298 319 324 331 344 
330 254 287 326 343 353 
331 310 303 319 329 344 345 
332 295 299 350 360 
333 289 339 355 
334 293 328 352 357 
335 320 321 348 322 352 361 366 
336 294 315 346 354 345 365 394 402 405 411 424 428 430 
337 314 276 318 356 365 354 368 
338 271 283 340 327 343 379 385 
339 289 308 333 349 355 359 362 375 
340 325 271 338 370 379 403 
341 320 324 344 348 
342 279 307 323 363 371 409 
343 330 287 327 353 373 338 385 
344 324 329 331 320 341 345 348 366 376 390 387 391 400 
345 303 331 344 309 346 336 391 394 
346 294 309 336 345 
347 301 325 350 370 377 381 396 
348 341 320 335 344 361 366 
349 308 220 351 339 362 
350 301 295 332 347 360 377 395 
351 308 220 349 318 362 372 388 
352 300 293 322 335 334 361 357 369 
353 326 330 343 364 373 398 414 423 
354 315 311 314 336 365 337 
355 333 339 359 384 382 
356 318 337 368 372 389 408 
357 334 352 328 364 369 383 393 
358 305 286 313 378 392 476 
359 339 355 375 382 
360 299 332 350 367 395 
361 352 335 348 366 369 376 387 
362 349 339 351 375 388 407 382 
363 342 307 273 386 409 
364 328 326 353 357 393 414 
365 337 314 354 336 368 389 405 
366 348 335 361 344 376 
367 299 313 360 392 395 
368 356 337 365 389 
369 352 361 357 383 387 401 
370 340 325 347 381 403 432 
371 323 342 374 409 448 
372 351 318 356 388 412 408 
373 343 353 385 398 397 
374 323 286 378 371 448 462 
375 339 362 359 382 
376 366 344 361 387 
377 347 350 396 395 435 392 
378 286 374 358 462 476 
379 338 340 385 403 420 415 
380 273 284 
381 370 347 396 440 432 445 
382 359 375 355 384 362 407 
383 357 369 393 401 422 433 
384 355 382 407 431 434 449 459 492 
385 343 338 373 397 379 415 
386 363 273 416 409 473 493 448 514 511 536 
387 376 361 369 344 401 391 413 422 
388 351 362 372 407 412 
389 365 368 356 405 408 424 
390 344 391 400 
391 345 394 344 390 404 400 387 410 413 417 418 421 
392 313 367 395 358 377 435 479 476 506 507 530 
393 357 364 383 414 433 
394 345 336 391 404 402 
395 360 367 350 392 377 
396 347 381 377 435 440 
397 385 373 398 415 426 438 
398 353 373 397 423 426 
399 284 419 443 444 482 532 436 602 654 657 
400 344 390 391 
401 387 369 383 422 
402 336 394 404 428 429 452 451 455 441 472 483 495 496 503 
403 340 370 379 420 432 
404 394 391 402 410 421 429 441 453 456 
405 365 336 389 424 
406 284 
407 362 388 382 384 431 412 437 434 430 450 467 474 477 
408 356 372 389 412 424 430 
409 342 363 371 386 448 
410 391 404 
411 336 
412 372 388 408 407 430 
413 387 391 422 418 
414 393 364 353 423 433 465 457 
415 385 397 379 420 438 
416 273 386 439 454 473 
417 391 418 421 427 446 
418 391 417 427 413 422 442 
419 284 399 425 443 463 
420 379 403 415 438 478 432 480 
421 391 417 404 446 456 460 
422 401 387 413 383 418 433 442 447 
423 414 353 398 426 458 465 468 475 
424 336 405 389 408 430 
425 273 284 436 419 463 
426 397 398 438 423 458 480 498 499 
427 417 418 442 446 464 
428 336 402 430 452 
429 402 404 441 
430 424 408 412 336 407 428 452 471 474 477 
431 407 384 434 
432 403 370 381 445 420 478 519 
433 383 422 393 414 447 457 
434 384 431 407 437 449 461 466 
435 377 396 392 440 470 479 
436 273 425 439 454 463 473 493 511 532 555 399 597 602 675 654 
437 407 434 450 466 
438 397 426 415 420 480 
439 273 416 436 454 
440 396 381 445 470 435 
441 404 429 402 455 456 
442 422 418 427 447 464 490 
443 399 419 444 463 482 
444 399 443 482 
445 381 432 440 470 488 491 519 
446 417 421 427 464 460 494 
447 422 433 442 457 487 490 
448 371 409 374 386 514 462 561 
449 384 434 459 461 481 
450 407 437 466 467 
451 402 452 495 
452 428 402 451 430 471 495 502 521 477 533 543 563 575 581 
453 404 456 
454 439 416 436 473 
455 402 441 456 469 472 
456 404 421 441 453 455 460 469 489 501 504 494 518 
457 433 414 447 465 485 487 520 
458 423 426 475 498 
459 449 384 481 492 500 
460 421 456 446 494 
461 434 449 466 481 508 
462 378 374 476 448 559 567 568 561 579 
463 425 419 436 443 482 532 
464 442 427 446 490 494 
465 414 423 468 457 485 
466 437 450 434 461 467 497 505 508 523 
467 450 407 466 477 505 509 
468 423 465 475 484 485 
469 455 456 472 486 489 
470 445 440 435 479 491 
471 430 452 477 
472 402 455 469 483 486 
473 416 454 436 386 493 
474 407 477 430 
475 468 423 484 458 498 
476 358 392 378 507 462 567 613 
477 407 467 474 430 471 509 452 533 549 563 
478 420 432 480 515 519 
479 470 435 392 491 506 516 
480 438 420 478 426 499 515 522 
481 449 461 459 500 508 526 
482 444 399 443 463 532 
483 402 472 486 512 503 517 
484 468 475 485 513 498 527 538 
485 457 465 468 484 513 520 
486 469 472 489 483 517 529 
487 447 457 490 510 520 
488 445 491 519 531 572 
489 456 469 486 501 524 529 
490 442 447 464 487 510 494 518 
491 470 445 488 479 516 531 
492 384 459 500 526 542 574 
493 386 473 511 436 
494 446 460 456 464 490 518 
495 452 451 402 496 502 
496 402 495 503 502 528 
497 466 508 523 
498 475 458 426 499 484 527 
499 426 498 480 527 522 562 
500 459 481 492 526 
501 456 504 489 525 524 
502 495 452 496 521 528 
503 496 402 483 512 534 528 546 552 551 
504 456 501 518 525 537 
505 466 467 509 523 544 549 564 
506 392 479 516 530 
507 392 476 530 553 613 622 672 693 
508 481 461 466 497 526 523 542 556 
509 477 467 505 549 
510 487 490 520 535 518 550 565 571 584 599 
511 493 386 436 536 555 
512 483 503 517 534 539 
513 485 484 520 538 540 
514 386 448 536 561 566 
515 480 478 522 519 585 600 
516 491 479 506 531 545 530 553 
517 486 483 512 529 539 547 
518 456 494 504 490 537 510 557 565 
519 478 432 445 488 515 572 578 585 
520 457 485 487 513 510 535 540 
521 452 502 528 541 543 
522 480 515 499 562 600 609 
523 466 497 508 505 544 556 
524 489 529 501 525 548 547 554 
525 501 524 504 537 548 
526 481 500 508 492 542 
527 484 498 499 538 562 573 587 
528 502 496 521 503 541 552 
529 486 517 489 524 547 
530 506 392 507 553 516 
531 491 488 516 545 572 608 
532 399 482 436 463 
533 452 477 
534 503 512 539 546 551 558 
535 520 510 540 550 538 560 
536 386 511 514 566 555 
537 504 525 518 548 557 
538 484 527 513 540 535 560 573 
539 512 517 534 547 558 
540 520 513 535 538 
541 521 528 543 552 575 
542 526 508 492 556 574 
543 452 521 541 575 
544 505 523 556 564 574 
545 516 531 553 595 608 615 
546 503 534 551 552 570 590 
547 517 529 539 524 554 558 569 
548 525 524 537 557 554 576 577 
549 477 509 505 564 563 582 583 588 
550 510 535 560 571 
551 546 534 503 558 570 
552 528 503 541 546 575 590 593 592 605 
553 530 507 516 545 595 622 626 615 
554 524 547 548 569 576 
555 511 436 536 566 597 
556 523 544 508 542 574 
557 537 548 518 565 580 577 
558 534 539 551 547 570 569 586 589 
559 462 568 579 601 
560 535 538 550 573 571 
561 448 514 462 566 579 633 659 614 677 
562 499 522 527 587 609 
563 477 549 452 581 583 
564 505 549 544 574 582 
565 518 510 557 580 584 598 611 624 625 
566 514 536 555 561 597 614 
567 476 462 568 613 642 
568 462 559 567 601 642 
569 547 558 554 576 586 594 
570 551 558 546 589 590 
571 510 550 560 573 599 604 
572 519 488 531 578 585 600 608 
573 538 560 527 571 587 604 
574 544 556 564 542 492 582 623 652 680 709 714 735 763 757 
575 543 541 552 452 581 591 592 
576 554 548 577 569 594 603 
577 548 576 557 580 596 603 
578 519 572 
579 462 559 561 601 633 647 
580 557 565 577 596 598 
581 563 452 575 591 583 616 620 
582 549 564 588 574 623 628 
583 563 549 588 581 616 618 
584 565 510 599 611 
585 515 519 572 600 
586 558 569 589 594 612 
587 527 562 573 604 609 639 651 
588 549 583 582 618 628 
589 570 558 586 590 612 617 
590 552 546 570 589 593 605 606 617 
591 581 575 592 610 620 
592 575 552 591 610 605 629 636 
593 552 590 605 606 
594 569 576 586 603 612 621 635 
595 545 553 615 626 
596 577 580 603 598 607 627 631 
597 555 436 566 614 644 675 688 
598 580 565 607 596 624 
599 510 584 571 611 619 604 630 
600 515 522 585 572 609 608 655 662 
601 568 559 579 647 642 668 
602 436 399 654 
603 576 577 594 596 621 627 
604 573 571 587 599 630 639 646 687 
605 552 593 592 590 606 629 
606 590 593 605 629 617 634 
607 596 598 624 631 648 
608 531 545 615 572 600 662 669 
609 562 522 587 600 651 655 
610 592 591 620 636 
611 584 565 599 619 625 641 
612 589 586 594 617 632 635 
613 476 567 507 642 672 
614 566 597 644 561 688 677 710 729 712 
615 545 595 608 553 626 669 705 
616 581 620 583 618 637 649 
617 589 612 590 606 632 634 640 
618 583 588 616 628 649 663 
619 611 599 630 641 
620 581 616 591 610 637 636 643 650 
621 594 603 627 635 653 656 
622 553 626 507 693 721 
623 574 582 628 652 665 
624 565 625 598 607 648 
625 565 624 611 641 648 661 671 
626 553 622 595 615 705 721 
627 596 603 631 621 656 
628 582 588 618 623 665 663 
629 606 605 592 634 636 638 645 
630 599 619 604 641 646 670 
631 596 607 627 648 656 660 
632 612 617 635 640 
633 561 579 647 659 
634 606 629 617 645 640 658 664 
635 612 594 632 621 640 653 666 
636 610 620 592 629 638 643 
637 616 620 650 649 
638 629 636 645 643 673 674 
639 604 587 651 687 694 
640 632 617 634 635 658 666 
641 619 611 625 630 670 671 
642 568 567 601 668 613 672 
643 636 620 650 638 673 676 
644 597 614 
645 629 634 638 664 674 
646 604 630 670 687 689 
647 601 579 633 668 659 712 728 
648 607 624 631 625 661 660 678 685 
649 618 616 637 650 663 681 684 691 696 703 
650 637 620 643 649 676 684 690 
651 609 587 639 655 694 708 
652 574 623 665 680 
653 621 656 635 666 667 682 
654 602 399 657 436 675 692 786 815 
655 609 600 651 662 706 708 716 
656 627 631 621 653 660 667 
657 399 654 
658 640 634 664 666 
659 633 561 677 647 712 
660 656 631 667 648 685 698 
661 625 648 678 671 697 
662 600 608 655 669 716 744 
663 628 618 649 681 665 
664 634 658 645 674 666 679 682 686 
665 623 628 652 663 680 681 
666 635 640 658 653 664 682 
667 656 660 653 682 698 704 
668 601 647 642 672 702 728 
669 608 615 662 705 744 
670 641 630 671 646 689 697 
671 641 625 661 670 697 
672 507 613 642 693 702 668 
673 638 643 674 683 676 699 
674 645 664 638 673 679 683 
675 436 597 654 692 688 786 
676 643 650 673 699 690 700 701 
677 561 659 614 712 
678 661 648 685 697 718 
679 664 674 686 683 695 699 
680 652 574 665 681 709 717 703 719 720 738 743 
681 663 649 665 703 680 
682 664 666 653 667 686 704 711 713 
683 673 674 679 699 
684 650 649 691 690 696 707 
685 648 678 660 698 718 
686 664 679 682 695 711 
687 646 604 689 639 694 727 
688 614 597 675 710 729 794 786 
689 646 687 670 697 724 727 731 
690 650 684 676 701 707 722 
691 649 684 696 
692 675 654 786 
693 507 672 622 702 721 737 
694 651 639 687 727 708 734 736 
695 679 686 699 711 700 725 
696 649 691 703 684 707 715 720 
697 671 670 661 678 689 724 718 
698 667 660 685 704 718 730 733 
699 676 673 683 700 679 695 
700 676 699 701 695 723 725 
701 676 690 700 722 723 751 
702 672 693 668 737 749 728 746 
703 649 696 681 680 720 
704 682 667 698 713 733 
705 626 615 669 721 744 765 766 
706 655 708 726 716 772 791 
707 696 684 690 715 732 722 740 
708 651 655 706 726 694 734 769 
709 574 680 714 719 
710 614 688 729 
711 686 682 695 713 725 741 761 
712 647 659 677 728 614 729 746 823 
713 682 704 711 733 741 754 
714 574 709 735 739 719 753 745 760 773 777 785 763 
715 696 707 720 732 
716 655 662 706 744 772 
717 680 719 738 745 
718 685 678 697 698 730 724 742 747 
719 680 709 717 739 714 745 
720 703 680 696 715 732 743 
721 622 626 693 705 737 765 
722 690 701 707 740 751 762 
723 700 725 701 751 
724 697 689 718 731 747 756 759 
725 700 695 723 711 751 761 768 
726 708 706 769 791 
727 687 694 689 731 736 750 758 
728 668 647 712 746 752 702 
729 614 710 688 712 794 823 
730 698 718 733 742 748 
731 689 727 724 750 759 
732 715 707 720 743 740 
733 704 698 730 713 748 754 764 771 
734 694 708 736 769 
735 574 714 753 757 
736 694 727 734 758 775 769 
737 693 702 749 721 765 801 
738 680 717 745 743 755 
739 719 714 745 
740 707 722 732 743 762 
741 711 713 754 761 
742 730 718 747 748 770 
743 680 720 732 738 755 740 762 780 777 790 785 804 805 767 820 810 818 835 839 
744 669 662 716 705 766 772 
745 719 717 739 738 755 714 760 
746 728 752 702 749 797 712 840 823 852 
747 742 718 724 756 770 
748 730 733 742 764 770 778 
749 702 737 746 801 840 
750 727 731 758 759 774 
751 701 722 723 725 762 767 768 
752 728 746 
753 735 714 757 773 776 
754 713 741 733 761 768 771 
755 738 745 743 760 777 
756 724 747 759 770 774 787 788 
757 735 574 753 763 776 
758 727 750 736 774 775 782 
759 724 731 750 756 774 
760 745 755 714 777 
761 711 741 754 725 768 
762 722 751 740 743 767 780 
763 574 757 776 773 714 785 795 810 818 
764 748 733 771 778 783 
765 705 766 721 737 801 
766 705 765 744 772 791 801 827 
767 751 762 768 779 780 784 790 800 805 743 812 820 828 832 
768 751 725 754 761 767 771 781 784 783 796 792 802 806 807 
769 708 726 734 736 775 791 793 
770 747 742 756 748 778 787 789 
771 733 754 764 768 783 
772 716 706 744 766 791 
773 753 714 776 763 
774 758 750 759 756 782 788 799 
775 736 758 782 769 793 809 
776 753 757 773 763 
777 714 760 755 743 785 
778 764 748 783 770 789 792 
779 767 
780 743 762 767 790 
781 768 
782 758 775 774 799 809 
783 764 771 778 768 792 
784 768 767 796 800 
785 714 777 763 795 743 804 
786 692 654 688 675 794 815 
787 770 756 788 789 803 798 808 811 821 819 
788 756 787 774 803 799 824 
789 778 770 787 792 798 802 
790 780 767 743 805 
791 769 726 706 793 772 766 827 830 
792 783 778 789 768 802 
793 769 791 775 809 830 824 846 
794 729 688 786 823 
795 763 785 804 810 
796 768 784 800 813 807 825 
797 746 
798 789 787 802 808 807 814 
799 774 782 788 809 824 
800 784 796 767 812 813 
801 765 737 766 749 827 840 
802 792 789 768 807 798 
803 787 788 821 824 
804 743 785 795 810 
805 790 767 743 
806 768 807 
807 768 802 806 798 796 814 816 822 825 831 833 834 836 837 
808 798 787 811 814 819 
809 782 799 775 793 824 
810 795 763 804 818 743 
811 808 787 819 
812 800 767 813 826 829 832 
813 800 796 817 812 825 829 844 
814 798 808 807 819 822 
815 654 786 
816 807 
817 813 
818 763 810 743 839 835 857 
819 808 811 814 822 787 821 831 
820 743 767 828 835 843 
821 787 803 819 824 831 838 841 849 851 848 
822 814 807 819 831 
823 729 794 712 746 
824 788 803 799 809 821 793 846 848 849 
825 807 796 813 836 842 844 
826 812 829 
827 791 766 801 840 830 
828 767 820 832 843 845 
829 812 813 826 832 844 845 
830 793 791 846 827 
831 822 807 819 821 833 841 
832 767 812 829 828 845 
833 831 807 837 841 847 
834 807 836 
835 743 820 839 843 818 853 855 
836 807 825 834 837 842 850 860 2 
837 807 833 836 847 850 
838 821 849 
839 743 835 818 
840 749 801 746 827 
841 831 833 821 851 847 862 
842 825 836 844 858 860 
843 828 820 835 845 853 855 
844 829 813 825 842 845 856 858 
845 832 829 844 828 843 855 856 
846 824 793 830 849 
847 833 837 841 850 862 2 
848 824 821 849 
849 838 821 851 848 824 846 861 
850 836 837 847 2 
851 841 821 849 861 862 
852 746 
853 835 843 855 
854 
855 843 853 845 856 835 
856 845 844 855 858 
857 818 
858 844 842 860 856 
859 
860 842 836 858 
861 851 849 862 
862 861 851 841 847 
