1 3 20 30 22 36 37 49 51 52
2 688 695 656
3 4 1 20
4 3 5 18 20
5 18 4 6 22
6 5 7 17 22
7 6 17 8
8 7 9 17 25 27 28
9 8 10 27
10 9 19 27 11
11 10 12 19
12 11 13 19 21 31 33
13 12 14 21
14 15 13 21 34 35 31 45 44 54 64
15 14 16 23 26 35 40 50
16 15 23 24 26 29 41 43 48
17 7 6 8 25 22
18 5 4 20 22
19 10 11 12 27 33 38 39
20 3 4 18 1 22 30
21 13 12 14 31
22 18 5 6 20 17 25 1 37 36 42 28 32 47 46 44 61 72 83 87 98 30
23 15 24 26 16
24 23 16 26
25 17 8 28 22
26 24 16 23 29 15 40 48 59 60 68 69 70 77 86 99
27 8 9 10 28 32 19 38
28 8 27 25 32 22
29 16 26
30 1 20 22
31 12 21 14 33 44
32 28 27 38 22 44
33 12 39 31 44 19
34 14
35 14 15 45 50 63 57 66 67 60 74 68 81 90 93 103 104 117 124
36 1 37 42 49 22
37 1 22 36
38 27 19 32 39 44
39 19 33 38 44
40 15 26 50 60
41 16 43 48
42 36 22 46 49 53 56 65
43 41 16 48 58
44 38 32 22 31 39 33 14 64 74 88 98 102 83 105 120 118
45 14 35 57 54
46 22 42 47 56
47 22 46 56 61
48 26 16 41 43 58 59
49 1 36 42 53 51 62 73 75
50 15 35 40 60 63
51 1 52 62 49
52 1 51 62 79 92 106 135 148 170 203
53 49 42 65 75 80 84
54 14 45 57 64
55 693 690 696
56 46 42 47 65 61 76
57 45 54 35 66 64
58 48 43 59 71 70 78
59 26 48 58 70
60 40 26 50 63 68 35
61 47 22 56 72 76
62 51 49 73 52 79
63 35 50 60
64 14 44 54 57 66 74
65 53 42 56 76 80
66 57 35 64 74
67 35 74 93
68 26 60 35 77 81 82
69 26 77
70 59 58 26 78 86
71 58 78 95
72 61 22 76 83 97
73 62 49 75 79 85
74 44 64 66 35 67 93 88 112 121 127 120 145 156
75 49 53 73 84 85 91
76 56 65 61 80 72 89 96 97
77 69 26 68 82 94 99 108 110 115 116 107 130
78 58 70 71 86 95 101 113
79 52 62 73 92 85
80 53 65 76 89 84
81 35 68 82 90 94
82 81 68 77 94
83 72 22 87 98 97 44 105 111 120 126 143 155 176 186 208 209 207 216
84 75 53 80 91 89
85 73 79 75 92 91 100
86 70 26 78 101 99
87 22 83
88 44 102 118 74 121
89 80 76 84 96 109 91 122
90 35 81 94 103 107
91 85 75 84 100 89 125 122
92 79 85 52 100 106
93 74 67 35 119 112 104
94 81 82 77 90 107
95 78 113 71
96 76 89 97 109 123 114
97 72 83 76 96 111 114
98 22 44 83
99 26 86 101 77 115
100 92 85 91 106 125
101 86 99 78 115 113
102 88 44 118
103 35 90 117 107 129 134
104 35 124 93 119 128
105 44 83
106 92 100 52 125 135 138
107 90 94 77 103 110 134 130 142
108 77 116 130 146 147 151 160
109 89 96 123 122 131
110 77 107 130
111 97 83 114 126 132
112 74 93 119 127 139 153
113 78 95 101 115 136 137 140
114 97 111 96 123 133 132
115 99 116 101 113 136 137 77
116 77 115 108 137 151
117 35 103 124 129 150
118 102 88 44 120 121
119 93 112 104 128 139
120 83 44 118 121 74 149 156 166 171 177 200 208 219 225 229 227 233
121 88 74 118 120
122 91 89 109 125 131 138 152 157
123 96 109 114 133 144 131
124 104 35 117 128 139 150 168 174 153 184 191 201 202
125 100 91 106 122 138
126 111 83 132 143 154
127 74 112 145 153
128 119 104 124 139
129 117 103 141 150 134
130 110 77 107 108 142 147
131 122 109 123 144 157 165
132 111 126 114 133 154 162
133 123 114 132 144 165 169 162
134 103 107 141 142 158 129
135 106 52 138 148
136 113 115 137
137 115 136 116 113 140 151
138 106 125 122 135 148 152 164
139 119 112 128 124 153
140 113 137 151 160 179 205 213
141 134 129 158 150 167
142 107 134 130 147 158 172
143 126 83 155 154
144 123 133 131 165
145 74 127 156 153 163 166 180
146 108 147 159 160 161
147 130 142 108 146 159 172
148 135 52 138 164 170
149 120 171
150 129 141 117 124 168 167 182
151 116 137 108 140 160
152 122 157 138 164 175
153 127 112 145 139 163 124 191 193
154 132 126 143 162 155 183 176 188 189
155 143 83 154 176
156 74 145 120 166
157 122 152 131 165 175 181 194
158 134 141 142 167 173 172
159 147 146 161 172 185
160 146 108 151 161 140 179 195
161 146 160 159 185 195
162 132 154 133 169 189
163 145 153 180 193
164 148 138 152 170 175 192 197
165 144 133 169 131 157 181
166 120 156 145 180 177
167 150 141 158 173 178 182 196
168 124 150 174 182 190
169 165 133 162 181 189 198
170 52 148 164 192 203
171 149 120
172 142 147 158 159 173 185 204
173 158 172 167 178 187 204
174 124 168 184 190
175 152 157 164 197 194
176 155 154 186 83
177 120 166 180 200 199 214
178 167 187 196 173 210
179 160 140 195 213
180 166 145 163 193 177 199 220
181 165 169 157 194 211 198
182 150 167 168 196 190 215
183 154 188
184 124 190 174 201
185 172 159 161 195 204 218
186 176 188 83 209 221
187 178 173 210 204 224 231
188 154 183 186 189 206 222 221
189 162 188 169 198 206 212 154
190 184 174 168 182 201 217 215
191 153 124 193 202 220 239 243 259 261 277 278 279 282
192 170 164 203 197
193 163 180 153 191 220
194 157 175 197 181 203 211
195 185 161 160 179 218 228 213
196 182 167 178 210 215
197 164 175 194 192 203
198 169 189 212 181 211
199 177 180 214 220
200 120 177 214 227
201 124 184 202 190 217 234 240
202 124 201 191 234 243
203 52 170 192 194 197 211 306 311
204 173 172 185 187 218 224 232
205 140 213 223 242 270 308
206 189 188 212 222
207 83 208 216 226 230
208 83 120 207 219 226
209 186 83 216 221
210 196 187 215 231 240 251 178
211 181 198 194 203 212 244 246 266 303 311 315
212 198 189 206 211 241 244 246
213 179 140 205 223 195 228
214 200 177 199 220 227 238 239
215 182 190 210 217 240 196
216 83 207 209 230 237 221
217 190 201 215 240
218 204 185 195 228 232 236
219 208 120 225 226 229 235
220 180 193 199 191 214 239
221 188 186 209 216 222 237 256
222 206 188 221 241 256 263 258
223 213 205 228 242
224 187 204 231 232 248
225 120 219
226 207 208 219 230 237 249 235
227 200 120 233 214 238 247
228 218 195 213 223 236 252 242
229 219 120 235 245 233 250
230 216 207 226 237
231 210 187 224 251 253 248
232 204 218 224 236 248 254 267 275
233 120 227 247 229 250
234 202 201 240 243 260 271
235 219 229 245 226 249 262 264
236 218 228 232 254 252
237 216 221 230 226 249 256
238 227 214 239 247 255
239 238 214 220 191 255 259
240 201 234 217 215 210 257 251 260
241 222 212 246 258
242 223 205 228 252 270 273 276
243 202 234 191 271 261 280 279
244 212 246 211
245 235 229 250 262 268
246 244 212 241 258 266 211
247 233 227 238 250 255 265
248 224 232 231 253 267 293 310
249 226 237 264 256 272 235
250 229 245 233 247 268 265
251 210 231 240 257 253 274
252 228 236 242 254 273 275
253 231 251 248 274 293
254 232 236 252 275
255 247 238 239 259 265 269
256 221 222 237 249 263 272 286
257 240 251 260 274 281
258 246 241 222 263 266 288 292
259 239 255 269 191 278
260 240 234 257 271 281
261 191 279 243
262 235 245 264 268 285
263 222 258 256 292 286
264 249 235 262 272 285 294 296
265 247 250 255 269 268 283 287
266 246 258 211 288 303
267 248 232 275 313 310 317 293
268 245 250 262 265 287 285 289
269 255 259 265 278 283
270 242 205 276 299 307 308
271 243 260 280 291 281 302 234
272 256 249 264 286 295 294
273 252 242 276 275 284 300
274 251 253 257 281 290 293
275 232 267 254 273 284 313 252
276 273 270 299 300 329 242
277 191
278 259 191 269 283 282
279 191 261 243 280 282 305
280 243 271 279 291 301 305
281 257 260 274 290 271 302 314
282 278 191 279 283 298 305
283 269 278 265 287 298 282
284 275 273 300 313 331
285 262 268 264 296 304 289
286 256 272 263 295 309 292
287 268 265 283 297 289 298
288 266 258 292 303 316 332 315
289 268 287 285 304 297
290 281 274 293 314 319 324
291 280 271 301 302 318
292 258 263 288 286 316 309 333
293 274 253 248 290 310 319 267
294 272 264 296 295 320 325 345
295 272 286 294 309 325
296 264 294 285 304 320 321 337
297 287 289 298 304 312 321 330 327
298 283 287 282 297 312 305
299 270 307 276 329
300 273 284 276 328 331 329
301 280 305 291 318 322 326 323
302 271 281 291 314 318 349 360
303 211 266 288 315
304 285 296 289 297 321
305 282 279 301 298 323 312 280
306 203 311 422 469
307 299 270 308 329 336 361 364
308 205 307 270 336
309 286 295 292 333 325 334
310 293 267 317 319 339 248
311 203 211 315 306 346 355 372 353 382 405 422 415 439 447 460
312 298 297 305 330 323 335 327 343
313 267 275 284 317 331 351 357
314 281 290 302 324 349
315 211 303 311 288 332 346 353
316 288 292 332 344 352
317 267 313 310 339 357
318 291 302 301 322 341 360 349
319 290 293 310 324 339 347
320 294 296 337 345 356
321 304 297 327 337 342 296
322 301 318 326 341 348
323 305 312 326 340 338 335 301
324 314 290 319 349 347 362
325 295 309 294 334 345
326 301 323 322 340 348
327 297 330 321 312 343 342
328 300 331 329 350
329 276 299 300 307 328 364 350
330 297 312 327
331 313 284 300 328 350 351
332 288 315 316 352 353
333 292 309 344 334 358 367
334 309 325 333 358 345
335 312 343 323 338 354 359
336 308 307 361 368
337 320 321 342 356 365 296
338 323 335 359 340 369 380 392
339 319 310 347 317 357 366 362
340 323 326 348 338 380
341 322 318 348 360 371
342 321 337 327 343 363 365 373
343 327 312 335 342 354 363 375
344 316 333 352 367 370
345 325 294 320 334 358 356 384
346 311 315 353 355 372
347 319 339 324 362
348 326 340 322 341 371 379 380
349 302 314 324 362 360 374 318
350 351 331 328 329 377 364
351 313 350 357 366 377 387 331
352 332 316 353 344 370 382
353 315 346 332 352 372 382 311
354 343 335 359 369 375
355 311 346 372
356 320 337 345 365 378 384
357 313 317 339 351 366
358 333 334 345 367 393 401 384
359 335 338 354 369
360 318 349 341 371 374 383 385 388 302
361 307 336 364 368 376 389
362 324 347 349 374 339 381 386 366
363 342 343 373 375
364 329 307 361 350 377 389
365 337 342 373 356 378 398
366 339 357 381 351 387 397 362
367 344 333 358 393 370 399
368 336 361 376 404
369 354 359 375 338 395 392
370 352 344 382 390 396 367 399
371 348 341 360 385 379
372 355 346 353 311
373 342 363 365 375 398 414 409
374 349 362 360 383 386
375 343 363 354 369 373 395 409
376 361 368 389 404 426
377 351 350 364 389 387 420 424
378 356 365 384 400 398 410
379 348 371 380 394 385 391 402
380 340 348 338 379 391 392
381 362 366 386 397 403
382 353 352 370 311 390 415
383 360 374 388 386 403 408
384 345 356 378 358 401 411 410
385 371 388 379 402 360
386 374 362 381 383 403
387 366 351 397 377 412 420 446
388 385 360 383 402 408
389 377 364 361 376 426 424
390 382 370 396 415
391 380 394 392 407 406 429 379
392 338 380 369 395 391 406
393 367 358 399 401 417
394 379 391 402 407 419
395 369 375 392 406 409 423
396 370 390 399 413 415
397 366 381 387 403 412 421
398 365 373 378 400 418 414 427 433
399 370 367 393 396 413 417 436
400 378 398 410 416 418
401 358 384 393 417 411
402 379 385 388 394 419 408 431
403 386 381 383 397 408 425 421 428 434
404 368 376 426 437 440 451
405 311
406 395 392 391 429 423 441 444
407 391 394 429 419 445
408 388 383 403 402 428 430 432 431
409 373 375 395 414 423 427 438
410 384 378 411 416 400 435
411 384 410 401 417 435 443 456 459
412 397 387 421 446 452
413 396 399 415 436 448
414 373 398 427 409
415 390 382 396 311 413 448 462 460 467 470 473
416 410 400 418 435
417 393 401 399 411 436 443 455
418 400 416 398 433 450 461 435
419 394 402 407 445 431
420 387 377 424 446 453
421 403 397 412 434 449 452
422 306 311 439 447 469 460 487 491 472 498 505 519 516 533 536 546
423 409 395 406 444 438
424 377 389 426 420 453 465
425 403 428 434
426 389 424 376 404 451 465
427 398 414 409 438 433 463 466
428 408 403 425 434 442 430
429 406 391 407 441 445
430 408 428 432 454 442 476
431 402 408 419 432 445 464
432 408 431 430 454 464 474 480
433 418 398 427 461 466
434 425 428 403 421 442 449
435 411 416 450 459 418 410
436 399 417 413 448 455 473
437 440 404 451
438 409 427 423 444 463
439 311 422 447
440 404 437 451 478
441 406 429 444 445 458 464 471 479
442 428 434 449 430 468 476
443 417 411 456 457 455
444 406 423 441 438 458 463
445 407 429 419 441 431 464
446 412 420 452 453 485 387
447 311 439 460 422
448 413 436 415 473
449 434 421 442 452 468 484 490
450 435 418 459 461 488 497
451 404 426 437 440 465 478 482
452 421 412 446 449 484 485
453 420 424 446 465 485 492 495
454 432 430 476 480 493
455 436 417 443 457 477 473
456 443 411 459 457 477
457 443 456 455 477
458 444 441 471 463 475
459 411 435 450 456 477 497
460 447 311 415 462 472 422
461 450 433 466 488 486 418
462 415 467 460 472 483 489
463 427 438 444 466 458 475 481 486
464 441 445 431 432 474 479
465 424 426 453 451 482 495
466 433 427 463 461 486
467 462 415 470 489
468 442 449 476 490 512 509 518
469 306 422 491 500 526 545 569 574 584 605
470 467 415 473 489
471 458 441 475 479
472 460 462 483 422 487 504 515
473 415 448 436 470 455 477 489 496 494 513 520 508 524 540 561 571 591 592
474 464 432 480 479 506 501 510
475 463 458 471 481 479 502 503
476 454 430 442 468 493 509
477 457 455 456 459 473 494
478 451 482 528 440
479 471 441 464 474 475 506 502
480 474 432 454 493 501
481 463 475 486 503
482 451 465 478 495 522 528
483 462 472 489 499 515
484 449 452 490 485 507
485 452 446 453 484 492 507 521 523
486 466 463 461 481 488 503 514 530
487 422 472 498 504 516
488 450 461 497 486 511 514
489 462 483 467 470 473 496 499
490 468 449 484 507 512
491 469 422 500 505 517 526
492 485 453 495 521 525 529
493 480 454 476 509 501 534 541
494 477 473 497 508 513
495 465 482 453 492 522 525
496 489 473 499 520
497 459 450 488 494 508 511 524
498 422 487 516
499 489 496 483 515 520 535 540
500 469 491 526
501 480 474 510 493 544 543 541
502 475 479 503 506 531 537
503 486 481 475 502 527 530 537
504 487 472 516 515 533 550
505 491 422 517 519
506 479 474 510 502 531 532
507 490 484 485 523 512
508 494 497 513 524 473
509 476 468 493 518 534 542
510 506 474 501 532 543
511 497 488 514 524 538
512 490 518 507 551 523 560 468
513 494 508 473
514 486 488 511 530 538 539 549
515 472 504 483 499 535 550
516 498 487 504 422 533
517 491 505 526 519 545 536 552
518 468 512 509 542 551
519 505 422 517 536
520 496 473 499 540
521 485 492 523 529 547 557
522 495 482 525 528 554 564 577
523 485 507 521 557 512 560
524 508 497 473 511 538 561
525 495 492 529 522 554 563
526 500 469 491 517 545
527 503 530 537 548 562
528 478 482 522 558 564
529 492 525 521 547 563
530 514 486 503 539 527 548 561
531 502 506 532 537 553 555
532 506 510 531 543 555
533 422 516 546 504 550
534 493 509 542 541 556
535 515 499 540 550 571
536 519 422 517 546 552 565
537 527 503 502 531 553 562
538 511 514 524 549 561
539 514 530 549 561
540 535 499 520 473 571
541 493 534 544 556 568 575 585 501
542 534 509 518 556 551
543 510 532 501 544 559 555 572 570
544 501 541 543 559 568
545 526 517 469 552 569 574
546 422 533 536 550 565 578 586 590 600 601 605 611 618
547 521 529 563 576 557
548 530 527 562 561
549 514 538 539 561
550 504 515 533 546 535 571 588 586 596
551 518 512 542 560 566 556
552 517 545 536 565 574 584 587
553 537 531 555 562 567 573
554 522 525 563 577 582
555 531 532 553 543 572 573
556 534 542 541 551 575 566 583
557 523 521 560 547 580 594 576 676
558 528 564
559 543 544 570 572 568
560 512 551 523 566 557 594 595
561 538 549 524 473 539 548 562 530 579 592 603 613 626
562 527 548 537 553 567 561 579
563 525 529 554 547 582 576 597
564 522 528 558 577 598
565 536 552 546 578 587
566 551 560 556 583 593 595
567 562 553 573 581 579
568 541 544 559 585 570
569 545 469 574
570 559 543 572 581 568 585 575 593 609 614 625 631 635 645 656
571 540 473 535 550 591 588
572 555 543 570 559 581 573
573 553 555 567 581 572
574 545 552 569 584 469
575 541 556 585 583 593 570
576 547 580 563 589 597 557
577 522 564 554 582 599 598
578 565 546 587 600
579 561 562 567 581 603
580 557 576 589 594 607 606
581 567 573 572 570 579 602 604 603 608 614 616 622 627 626 640
582 563 554 577 599 597 619
583 556 566 575 593
584 574 552 587 469 600 605
585 568 541 575 570
586 546 550 596 601
587 552 565 584 578 600
588 550 571 596 591
589 580 576 597 607 612 617
590 546
591 571 473 588 592 596 610 615 623 638 642 655 650 675
592 473 561 591 626 642
593 566 583 595 575 570 606 607 628 645 641 649 656 665
594 557 580 595 606 560
595 560 594 566 593 606
596 586 550 588 601 610 591
597 576 589 563 582 612 619
598 564 577 599 620
599 577 582 598 620 619 621
600 587 578 546 584 605
601 546 586 596 610 615 618
602 581
603 579 581 561 613 616
604 581 616
605 469 584 600 546 611 634 646 650 661
606 594 595 580 607 593
607 580 606 589 617 593 628 630
608 581
609 570
610 601 596 615 591
611 605 546 618 629 634
612 589 597 617 619 630
613 561 603 616 632 626
614 581 570 622 625 633
615 601 610 618 591 623
616 603 581 604 613 632 627
617 607 589 612 630
618 546 601 615 611 623 629
619 597 612 582 621 630 637 599 644
620 598 599 624 621 636
621 619 599 620 636 644 653 657
622 581 614 633 639 640
623 615 591 618 629 638
624 620 636 648
625 570 614 635 633
626 592 561 613 632 627 581 642 647 640 654 660 667 678
627 581 616 632 626 647
628 607 593 630 641
629 618 623 611 634 638
630 617 612 607 619 628 637 641 643
631 570
632 613 616 626 627 647
633 614 625 622 635 639 651
634 605 611 629 650 638 655
635 625 570 633 651 658 656
636 620 624 621 653 648
637 619 630 643 644 649 652
638 623 591 629 634 655
639 622 633 640 654 651 670
640 581 622 626 639 654
641 628 630 643 649 593
642 592 626 591 667 671 685 650 692
643 630 637 649 641
644 637 621 652 657 662 619
645 570 593 656
646 605 650
647 632 627 626
648 624 636 653 669
649 643 641 637 652 593 665 662 656 676 680
650 634 605 646 655 661 591 675 642 692
651 633 635 639 658 659
652 637 649 644 662
653 621 636 657 648 666 669 673 674
654 640 639 626 660 670 672
655 634 638 591 650
656 570 645 635 658 593 665 649 677 680 688 691 693 2
657 644 621 653 662 668 666
658 651 635 656 659 677 679
659 651 658 670 679 682
660 626 654 672 683 678
661 605 650
662 652 657 649 668 676 644
663
664
665 593 649 656 680
666 653 657 674 681
667 642 626 671 678 684
668 662 657 676 681
669 648 653 673
670 654 639 659 682 687 672
671 642 667 684 685
672 660 654 683 687 670
673 653 669 674 689 680
674 666 653 673 681 680
675 591 650
676 662 649 668 681 680 557
677 658 656 679 688
678 667 626 684 660 683 686 697
679 658 659 677 682 688 695
680 665 649 676 656 681 674 673 690 689 693 694 696 700
681 668 676 666 674 680
682 670 659 687 679 695
683 660 672 678 687 697 699
684 667 678 686 671 685 698
685 642 671 684 698
686 684 678 698 697
687 672 670 682 683 699 695
688 677 656 679 695 2
689 673 680 694 701
690 680 693 696 55
691 656
692 650 642
693 656 680 690 55
694 680 689 701 700
695 682 679 688 687 2
696 680 690 700 55
697 683 678 686 699
698 684 686 685
699 683 687 697
700 680 696 694 701
701 694 689 700
