1 3 78 84
2 695 161
3 1 5 4 78 86
4 5 6 28 3 73 78 86
5 3 4
6 4 28 7 34 46 61 73
7 6 8 34
8 29 9 7 34
9 8 29 37 57 10
10 11 30 37 9
11 10 12 30 31
12 13 31 11
13 12 14 32 31 42
14 13 15 32 54 58 59
15 14 16 35 49 59
16 17 15 35
17 18 16 35 36
18 17 19 36 48
19 18 20 44 48
20 21 19 40
21 20 22 27 40
22 21 27 23
23 22 24 27 38 56 71 70
24 23 25
25 26 33 24
26 25 33 47 41 50
27 21 22 23 43 66 70 40
28 6 4
29 8 9 34 52 57 76 79
30 10 11 37 31 53 88 99 106
31 12 11 13 42 30 53 89
32 13 14 42 54
33 25 26 41 39
34 7 8 6 46 29 52 61
35 16 17 36 15 49 51
36 35 17 18 48 51
37 9 10 30 57 88
38 23 39 56
39 38 33 41 60 67 62
40 21 43 27 45 63 65 68 20
41 39 33 26 50 55 60 67 80
42 13 31 32 54 89
43 27 40 66
44 19 48 45 59 64
45 40 44 64 69 59 72 77 63 68
46 6 34
47 26 50 82
48 36 18 19 44 51 59
49 15 35 51 59
50 41 26 47 80 82 85
51 35 49 36 48 59
52 34 29 61 76 95 115
53 30 31 89 96 106 109
54 32 14 58 42 59 89 119 124 148 152 157
55 41
56 23 62 71 38
57 29 9 37 79 88 102 107
58 14 54 59
59 15 49 51 48 44 64 45 14 77 58 91 54 112 119 124 137
60 39 41
61 34 6 52 73 95
62 56 39 75 83 67 94 97
63 40 45
64 45 59 44
65 40 66 68 74 81 77 69
66 27 70 65 43
67 39 41 62 80 97 101 104
68 40 65 69 45
69 45 68 72 77 65
70 27 23 74 71 66 75
71 23 56 75 70
72 69 45 77
73 4 6 61 78 95 132 146
74 65 70 81 75 93
75 71 62 70 74 94 93 98 100 97 105 110 121
76 52 29 79 102 115 123
77 72 69 59 65 87 91 90 92 45
78 1 3 84 4 73 86 132 160
79 29 76 57 102
80 41 50 85 67 101
81 65 74 90 93 92
82 50 47 85 103 129
83 62
84 1 78 171 160 213
85 80 50 82 101 103
86 3 4 78
87 77 90
88 57 37 30 99 107 126
89 31 42 54 53 109 133 138 157 159
90 87 81 77 92
91 59 77 92 112 114 116 122 135 154
92 77 90 81 91 93 116
93 81 74 75 98 92 116 118 120 125
94 62 75
95 73 61 52 115 140 143 162 146 123
96 53 106
97 62 67 75 100 104 113 121 128
98 93 75 105 125
99 88 30 106 126 147
100 75 97
101 67 80 85 104 103 117 113
102 79 57 76 107 123 126 147
103 85 82 101 117 129 131
104 67 101 113 97
105 98 75 121 125 130
106 30 53 96 99 109 138 147
107 57 88 102 126
108 700
109 53 89 111 106 127 138
110 75
111 109
112 59 91 114 122 124 141 142 154
113 97 104 101 117 128 139
114 91 122 112
115 76 52 95 123
116 91 93 118 92 135
117 101 103 113 131 139
118 116 93 120 136 135 155
119 59 124 54
120 93 118 125 136 134 149 155 156
121 75 97 105 130 128
122 114 91 112
123 115 102 140 144 147 168 76 95
124 119 59 54 137 112 142 145 152 153 172 177 180 197 200 217 218 215
125 93 105 120 134 130 98 156
126 107 88 102 99 147
127 109
128 97 113 121 130 139 164 166
129 103 82 131 150
130 105 121 125 156 128 166
131 103 129 117 139 150 158
132 78 73 146 160 185
133 89
134 125 120
135 91 118 155 154 116
136 118 120
137 59 124
138 109 89 106 159 147 165
139 113 117 128 131 158 164 194 201 210 212
140 95 123 143 144
141 112 142 151 154 170
142 124 112 145 151 169 173 141
143 95 140 144 162 167 179
144 123 143 167 168 140
145 124 142 173 177
146 132 73 95 162 174 185 188 223 248 267 299
147 123 102 126 99 106 138 159 168 176 190 191 192 203 214
148 54 152 157 178 172 183 193 204 209 216 221 229 231 159
149 120 156
150 129 131 163 158 186
151 142 141 170 169 173 189 199
152 54 124 148 172
153 124 217
154 112 141 91 135 155 156 170 175 187
155 118 120 135 154 156
156 120 125 130 149 155 166 154 175 164
157 89 54 148 159 178
158 139 131 150 186 194 195 196 205
159 138 89 165 147 157 178 192 221 227 258 259 148
160 78 132 84 185 213
161 713 695 2
162 95 143 146 174 182 179
163 150 186 211 234 236
164 128 166 139 156 175 201 202
165 138 159
166 130 156 128 164
167 143 144 181 179 184
168 144 123 147 176 181
169 142 151 173
170 151 154 187 189 225 141
171 84
172 124 152 148 180 183 197
173 142 145 169 177 151 199 200 207
174 146 162 182 188
175 154 156 187 164 198 202
176 168 147 181 190 219 239
177 124 145 173 200
178 148 221 159 157
179 143 167 162 182 184 208 228
180 124 172
181 167 168 184 176 219 220
182 162 174 179 188 208
183 148 172 193 197
184 167 179 181 220 228
185 132 146 160 213 299 376 441
186 158 150 163 205 211
187 154 170 175 198 225 222
188 146 174 182 208 223
189 151 170 199 230 225
190 176 147 191 192 203 214 239 263 258 279 302 303 310
191 147 190
192 147 159 190 258
193 148 183 197 209 215
194 139 158 195 212
195 194 196 158 224
196 195 158 205 224 235
197 172 124 183 206 215 193
198 175 187 202 222
199 173 151 189 207
200 124 177 173 207 217 226
201 164 139 202 210
202 164 175 201 198 210 222 233 246
203 147 190
204 148 209
205 196 158 186 211 235 240
206 197 215
207 200 173 199 230 217 226 251
208 188 182 179 223 228 248
209 148 204 193 231 215 245
210 201 202 212 233 237 253 139
211 205 186 163 240 241 234
212 139 210 194 224 237
213 84 160 185 441
214 147 190
215 193 197 206 124 209 242 244 245
216 148 229 221 227 262
217 153 124 200 226 238 207 218 243 242 251
218 124 217 242
219 176 181 220 239 249 272 285 294
220 184 181 228 219 249
221 159 178 227 148 216
222 198 202 187 225 246
223 188 208 146 248
224 212 195 196 232 235 237 256
225 189 170 187 230 222 246
226 217 200 243 207 251 265 271 274
227 159 221 216 262 259
228 179 184 220 208 248 249 266
229 216 148 231 250 273 270 284 286 292 311
230 189 225 207 251 246
231 209 148 229 247 250 254
232 224 235
233 202 210 246 253 268
234 163 236 211
235 224 196 232 205 240 252 256
236 234 241 257 338 364 386 163
237 210 212 224 253 256
238 217 242 260 261 243 264
239 190 219 279 285 176
240 205 211 235 241 252 257
241 211 236 240 257
242 215 218 217 238 255 261
243 217 226 260 265 238
244 215 245
245 209 244 247 215 254 255 269 278
246 225 222 202 233 230 251 268 282 301 309
247 231 245 254
248 146 223 208 228 266 267
249 220 219 228 266 272 283
250 229 231 254 277 269 270
251 207 230 226 274 271 296 300 307 301 246 217
252 235 240 256 257
253 210 256 233 268 237
254 231 247 245 250 269
255 245 242 261 275 278
256 253 237 224 235 252 276 268 257
257 240 241 252 236 276 256 268 297 338
258 190 192 159 263 259 280 302 314 319
259 159 227 258 262 281 280 287
260 243 238 265
261 242 238 255 265 275
262 227 259 216 273 287
263 190 258
264 265 238
265 264 260 261 243 226 271 275 289
266 248 228 249 267 291 283
267 248 146 266 291 299
268 233 246 253 256 276 282 257 297
269 250 254 245 278 270 288 290 295
270 229 250 277 286 290 269 284
271 265 226 274 251 293 296 289
272 249 219 283 294 304
273 262 229 287 311 321 324 320 330 339 340 353 360
274 226 271 251
275 255 261 265 278 289
276 256 268 257
277 250 270
278 245 255 275 269 288 289
279 239 190 285 308 310
280 258 259 281 287 320 319
281 259 287 280
282 246 268 297 309
283 249 272 291 306 266
284 229 286 270
285 239 279 219 294 308 323
286 229 284 270 292 298 290 313 315
287 259 281 262 273 280 320
288 269 278 305 289 316 333 335
289 275 265 271 293 278 316 288
290 270 295 286 269 313
291 266 283 267 306 299
292 229 298 312 311 318 286
293 271 296 289 316 307 322
294 219 272 285 304 323
295 290 269 305 313
296 271 251 293 307
297 268 257 282 309 338 373
298 292 286 312 315
299 146 267 291 306 185 343 376
300 251 301 307 317 328 332 351 372 375 361 390
301 246 332 300 309 251 355
302 190 303 258 314 310 327 325 345
303 190 310 302
304 272 294 306 323 347 343
305 295 288 313 335 337
306 291 283 304 299 343
307 296 251 300 317 293 322
308 285 279 310 323 334 342
309 246 282 297 301 355 373
310 190 279 303 308 302 329 327 334
311 273 229 292 321 318
312 292 298 315 318 326 331
313 286 315 295 305 341 337 290
314 302 258 319 325
315 298 312 286 313 326 341
316 289 322 288 333 357 363 293
317 307 322 300 328
318 311 292 321 312 324 331 330 344 354
319 258 314 325 280 320
320 280 287 273 319 336 339
321 318 273 311 324
322 316 293 307 317 328 357 358
323 294 285 308 304 347 342 352
324 273 318 330 321
325 314 319 302 336 345 365 371 370
326 312 315 331 341 344 349
327 302 310 329 345 348 362
328 300 322 351 356 358 317
329 310 334 327
330 273 324 318 353 359 340 354
331 318 312 326 344
332 301 300 355 372
333 288 316 335 363 357 367 379
334 308 310 329 342 348 378 384 388
335 305 288 333 337 350 367
336 325 320 339 365 366 369 370
337 305 313 341 346 350 335
338 257 236 297 364 373 414
339 320 273 336 366 360 389
340 273 330 353 360
341 315 326 337 346 349 367 374 313 354
342 308 334 323 352 388
343 306 299 304 347 383 376 401 418
344 331 326 318 354
345 327 302 325 362 371 382
346 341 350 367 337
347 304 323 352 343 383 388 404 406
348 334 327 362 378 381 380
349 326 341 354
350 346 337 335 367
351 328 356 300 361 375
352 323 347 342 388 404
353 273 330 340 359 360
354 344 349 318 330 359 368 341 374 377
355 332 301 309 372 385 402 373
356 328 351
357 316 322 358 363 395 333
358 322 361 357 395 328
359 330 353 354 360 368
360 273 359 339 368 353 389 340
361 358 351 375 392 395 435 439 300
362 327 345 348 371 380 381
363 333 357 379 405 408 424 427 432 316 395
364 338 236 386 414
365 325 336 370
366 339 336 399 389 370 407
367 341 346 350 335 333 374 379 397
368 359 360 354 377 389 393
369 336 370
370 336 369 365 325 394 399 366 371
371 345 325 362 382 380 394 396 370
372 300 332 355 390 385 417
373 309 297 338 355 402 414 428 469
374 354 341 367 377 398 403 397 423 425
375 351 300 361 392 390 435 426
376 299 343 185 418 445 441 484 482 520 523
377 368 354 393 374
378 348 334 384 387 381 380
379 367 333 363 397 405 413
380 348 362 381 371 378 387 394 422 415 430
381 380 348 362 378
382 345 371
383 343 347 401 406
384 334 387 391 378
385 372 355 402 417
386 364 236 414 475
387 384 391 378 380 422
388 352 334 400 404 342 347
389 339 360 368 366 393 407 399
390 300 372 375 417 426
391 384 387 400 410 422 436
392 361 375 435
393 368 389 377 403 407 416 419
394 371 370 396 399 380 412 415 420
395 357 358 361 363 408 434 424
396 371 394
397 367 374 379 413 425
398 374
399 370 366 407 389 409 411 421 412 394
400 388 404 391 410
401 383 343 406 418
402 385 355 373 428 417 446
403 374 393 416 423 425
404 347 352 388 400 406 410
405 379 363 413 432 440
406 347 404 401 418 437 410 383
407 389 366 399 393 411 419
408 363 395 424
409 399 411 421 433 455
410 404 391 406 436 437 450 400
411 399 409 407 429 419 455 453 448
412 394 421 420 399
413 379 405 397 425 440
414 373 338 364 386 469 475
415 394 380 420 430 442 447 457
416 393 403 419 438 448 449 451
417 372 385 390 402 426 446 452
418 343 401 406 376 437 445
419 407 393 416 411 448
420 394 412 421 431 433 415 447
421 412 420 399 409 431 433
422 387 380 391 430 436 454 466 479
423 374 403
424 408 427 434 363 395
425 374 397 403 413 438 440 444
426 390 417 375 435 452 461
427 363 424 432 443 458 483 459 489 495
428 373 402 446 469 473
429 411
430 380 415 422 442 464 466
431 420 421 433
432 363 405 427 444 440
433 420 431 421 409 447 455
434 424 395 439
435 361 392 375 426 439 461 470
436 410 391 422 454 450
437 406 410 418 445 450
438 416 425 449 444 462 463 465
439 434 361 435 443 470 483
440 425 413 444 405 432
441 213 185 376 523 628
442 430 415 457 460 464
443 427 439 483
444 440 432 425 438 459 458 462
445 376 418 437 450 482 454 481 499 503 500 512 518 524 534 543
446 417 402 452 428 473 487
447 433 415 457 468 471 455 420
448 419 416 411 456 451 453 476
449 416 438 451 456 472 465 478
450 437 410 436 454 445
451 416 449 448 456
452 417 426 446 487 461 496
453 411 455 448 476
454 436 422 450 479 481 445
455 409 411 433 453 447 468 485 494 476 492
456 448 451 449 472 476 486
457 442 415 447 460 467 471 468
458 444 459 427
459 444 458 462 427 489 495 493
460 442 457 467 464
461 435 426 470 452 496 513
462 438 444 463 459 478 488 493
463 438 465 462 478
464 430 466 460 467 490 442
465 449 463 438
466 430 464 422 479 490 501 504
467 464 460 457 474 490 497
468 447 457 471 477 455 485 491
469 428 373 473 414 508 475 522 530
470 435 461 439 483 513
471 457 474 477 447 468
472 449 480 456 478 486 476
473 428 446 469 487 508
474 467 471 477 498 502
475 386 414 469 522 536 540 548
476 453 448 456 455 486 492 506 472
477 474 471 491 502 468
478 463 462 480 488 449 472
479 454 481 422 466 501 500
480 472 478 486 505 488 511
481 454 479 500 445
482 376 445 484 503 517 527
483 427 443 439 470 489 495 521 513
484 376 482 517 520 532 539 560 553 572 574 577 591 579 597
485 468 491 455 494 502 515
486 456 476 472 480 506 511 514 519
487 452 446 473 496 508 531
488 478 462 493 505 480
489 427 459 495 483
490 466 464 467 497
491 477 468 485 502
492 476 455 494 510 506 514
493 462 459 488 505 509 495
494 455 492 485 507 510 515
495 459 489 483 493 509 521 427
496 461 452 487 513 531
497 490 467 498 504 512 525
498 497 474 502 528 538 537
499 445 503
500 481 479 501 445 512
501 479 466 500 504 512
502 474 477 491 498 485 515 526 537 538 545 546
503 445 482 499 518 527 535
504 497 501 512 466
505 488 493 480 511 509 516 541
506 476 492 486 514
507 494 510 515 529 526
508 487 473 469 531 530 533
509 493 495 505 541 542 557
510 494 492 514 507 529 519
511 480 486 516 519 547 549 565 567 505
512 500 501 504 445 524 497 525
513 461 496 470 483 521 531 544 550
514 510 506 519 486 492
515 485 494 507 502 526
516 511 505 541
517 484 482 527 553
518 503 445 535 543
519 514 486 511 510 529 549
520 376 484 523 532 554
521 495 483 513 544 542 552 551
522 469 475 530 540 563
523 376 520 441 554 579 628 651
524 445 512 525 534 528
525 512 497 528 524 534
526 502 515 545 507 558 564 529
527 517 482 503 535 553
528 525 524 534 498 538 543
529 510 507 519 549 526 558 559
530 508 469 522 533 555 563
531 487 508 496 513 533 550 562 566
532 520 484 539 554 560
533 508 530 531 555 562
534 524 445 525 528 543
535 503 527 518 543 553 561
536 475 548 585
537 502 498 538 546 545 543
538 528 498 502 537 543
539 532 484 560
540 475 522 548 563 589 585
541 516 505 509 547 557
542 509 521 551 557 570 571 583
543 528 534 445 518 538 535 556 537 561 546 545 564 578 582 595 605
544 521 513 550 552 581
545 526 502 546 564 543 537
546 537 502 545 543
547 511 541 557 565
548 475 540 536 585
549 529 519 511 559 567 568 573
550 544 513 531 566 581
551 542 521 552 570 596
552 521 544 551 596
553 517 527 535 484 561 577
554 520 532 523 560 579 576 587
555 533 530 562 563 580
556 543
557 541 509 547 542 565 575 583 571 573
558 526 529 559 564 568 569
559 529 549 558 568 569
560 539 532 554 484 572 576
561 535 553 543 578 577 586
562 531 533 555 566 580
563 530 522 555 540 580 589 603
564 545 526 558 543 568 582
565 511 547 557 567 575 573
566 550 531 562 581 580 609 610
567 511 549 565 573
568 559 569 549 558 564 584 573 582 592 593 595 598 607 606 605
569 559 558 568 584
570 551 571 594 596 542 611
571 542 570 557 583 594 602
572 560 576 484 590 579
573 568 549 575 565 557 583 567 599 606 601 602 613 616 625 629 635
574 484
575 565 557 573 583
576 560 572 554 587 588 590 579
577 484 561 586 591 597 600 553
578 561 543 586 605 600 612 621 607 604 643 644 645 646 651 657 664 677 684
579 523 554 587 572 484 591 597 576 604 608 626 638 643 651
580 555 563 562 566 603 610 622
581 544 550 566 596 609 611
582 543 564 568 595
583 557 542 571 573 575 602 601
584 568 569
585 536 548 540 589 620
586 577 561 578 600
587 554 579 576 588
588 576 587
589 540 563 585 603 619 620 634
590 572 576
591 484 579 597 577
592 568 598 593
593 568 607 605 592 598
594 571 570 602 611 614 615 596
595 543 582 568 605
596 552 581 570 594 611 551
597 591 600 579 604 484 577 612
598 568 592 607 606 593
599 573
600 597 577 586 578 612
601 583 602 573
602 583 601 571 594 573 613 615
603 563 589 580 619 622
604 579 608 597 612 578 643
605 543 595 568 593 607 578 621 623
606 568 573 598 607 616 617 618
607 593 568 598 605 606 621 623 618 578 633 645 658 659
608 579 604
609 581 566 610 611 630 636 641 647 649
610 566 609 580 622 630 650
611 594 570 596 581 609 614 632 636 640
612 597 600 578 604
613 573 602 615 625 631
614 594 611 615 624 632
615 602 613 614 624 625 631 594
616 606 573 617 627 635 637
617 606 618 616 627
618 606 607 617 627 633
619 603 589 622 634
620 585 589 634 660 650 678
621 578 607 605 623
622 603 580 619 610 634 650
623 605 607 621
624 615 614 625 632
625 573 613 631 624 615 632 629 639 635 642 655 653 661 663 667 668
626 579
627 617 618 633 616 637
628 441 523 651 691 695 698
629 573 625 635
630 609 610 649 650
631 613 615 625
632 624 614 625 611 639 640
633 618 627 607 637 654 656 659
634 619 589 622 620 650
635 573 629 616 637 625 652 663 668 673 679 686 687 689
636 611 609 641 640
637 627 616 635 633 652 654
638 579
639 625 632 640 653
640 611 632 636 639 648 647 653
641 636 609
642 625
643 604 578 651 579
644 578 646 645
645 644 607 658 646 578
646 578 644 645 664 658
647 609 640 648 649
648 640 647 653 649 661
649 609 630 647 648 650 661 669 672 676
650 630 610 622 634 649 620 675 678 676
651 579 643 578 657 523 670 681 628 684 691 697 700
652 637 635 654 665 673
653 639 640 625 648 661
654 633 637 652 656 665
655 625
656 633 654 659 666 665
657 651 578
658 645 607 662 659 646 664
659 633 607 656 658 662 666 671
660 620 678 705
661 625 653 648 649 667 672 674
662 658 659 664 671 677
663 625 635
664 646 578 658 662 677
665 654 652 656 673 666 683
666 659 656 671 665 683 688
667 661 668 674 679 680 682 625
668 625 667 635 679
669 649 672 676
670 651
671 662 659 666 677 685 688
672 661 649 674 669 676 680
673 665 652 635 683 686
674 661 667 672 680
675 650 678 676 696
676 669 649 650 672 675 680 693 696 709 708
677 664 662 578 671 684 685
678 650 620 660 675 696 705 707
679 668 667 635 682 687
680 667 674 682 672 676 693
681 651
682 679 667 680 687 693
683 665 673 686 666 688 690 692 701
684 578 677 651 685 688 694 690 701 706 700 710
685 677 671 684 688
686 673 635 683 689 692
687 635 679 682 689 693
688 671 685 666 683 684 690
689 635 687 686 692 693 703 704
690 688 683 684 694 701
691 628 651 697 698 699
692 686 689 683 703 701
693 682 680 687 676 689 704 709
694 684 690
695 628 698 702 699 700 713 2 161
696 675 676 678 708 707
697 691 651 699 700
698 628 695 691 699 702
699 691 697 698 695 700 702
700 697 651 684 706 699 695 108
701 690 684 683 692 703 710 711
702 698 699 695
703 692 689 704 701 711
704 689 693 703 709 708 712 714 711 716
705 678 660 707
706 684 700 710
707 678 705 696 708 715 712 716 710
708 696 676 709 707 704 712
709 693 676 704 708
710 684 701 711 706 714 716 707
711 710 703 701 704 714
712 704 708 716 707
713 695 161
714 704 711 710 716
715 707
716 704 712 707 714 710
