1 3 33 42
2 986 972 965 989 996 991 337 981
3 1 4 33
4 3 5 33 49 59
5 4 6 34 49 50 55
6 5 7 25 34
7 6 25 8
8 7 9 25 36
9 8 10 11 29 36
10 9 11
11 10 12 13 9 29 37
12 11 13
13 12 14 11 32 37
14 13 15 30 32 39 40 41
15 14 16 17 30
16 15 17
17 16 18 27 15 30
18 17 19 27
19 18 20 27 43
20 19 21 22 28 31 44 43
21 20
22 20 23 26 28
23 22 26 24 35 48
24 23 35
25 6 7 8 34 36 50
26 23 22 28 46 48
27 17 18 19 30 38 43
28 20 22 26 31 46 53 57 67
29 9 11 36 37 52
30 14 15 17 27 38 40 41
31 20 28 44 54 67 85
32 13 14 37 39 45 47
33 3 1 4 42 59 68 113
34 5 6 25 50
35 24 23 48
36 9 29 8 25 52 50 60 66 83 96 123 132
37 13 32 11 29 47 52 56 63 62 74
38 27 30 41 43 51 58
39 32 14 40 45
40 14 39 30 41 51 45 65 77
41 30 38 40 14 51
42 1 33 113 194
43 27 19 20 38 44 58 64 69 97 95 100
44 20 43 31 54 85 97
45 32 39 47 40 73 77 80 79
46 28 26 53 48 71
47 32 45 37 63 73 72 81 88
48 26 23 35 46 71 70 76 75 53
49 4 5 55 59 61 68
50 5 34 25 55 36 60
51 40 41 38 58 65
52 29 36 37 56 93 132 134 148 153
53 46 28 57 67 71 48 75 102 116 139 120
54 44 31 85
55 5 50 49 60 66 68 89
56 37 52 74 93 122 124
57 28 53
58 51 38 43 64 65 77 86 87
59 33 4 61 49 68
60 55 50 36 66
61 59 49
62 37 63 74 78
63 37 47 62 72 78 82 84
64 58 43 69 86 90 109 108 115
65 40 51 58 77
66 60 55 36 83 89 111
67 31 28 53 85 116 120
68 59 49 55 89 33 113 185 187 199
69 64 43 90 95
70 48 76 75 92 140 156 171
71 46 48 53
72 47 63 81 82 104
73 47 45 80 88 91
74 37 62 78 56 94 124
75 48 70 53 92 98 102
76 48 70 140
77 45 40 79 65 58 87
78 62 63 84 74 94
79 45 77 80 87 103 106
80 45 73 79 91 105 106
81 72 47 88 101 104 110
82 63 84 72 99 104 107
83 36 66 96 111 126 131
84 63 82 78 99 94
85 44 54 31 67 97 119 120 130 147
86 58 87 64 90 108 109
87 58 86 77 79 103 108
88 47 81 73 91 101
89 55 66 68 111 126 149 175 187
90 64 69 95 86 109
91 73 80 88 101 105 112
92 75 70 98 156 154
93 56 52 122 134 138
94 74 78 84 99 124 133
95 90 69 43 100 97 109 121
96 36 83 123 131 137 144
97 44 85 43 100 95 118 130
98 75 102 92 139 154
99 84 82 107 114 94 125 133
100 95 43 97 118 121 129
101 88 91 81 110 112 117
102 53 75 98 139
103 79 106 87 108 115
104 82 72 107 81 110 127
105 91 80 106 112 115
106 79 80 103 105 115
107 82 104 99 127 125
108 87 86 64 109 103 115
109 86 64 90 95 108 115 121
110 81 101 104 117 127
111 66 83 89 126
112 91 105 101 117 125 115
113 33 68 142 185 42 194 248 343 338 373
114 99 125 133 135 152 160 163 164 200
115 106 108 64 109 105 103 121 112 125 128 135
116 67 53 120
117 101 112 110 125 127
118 97 100 130 129 136
119 85 120 147 150
120 85 119 67 116 53 139 146 150
121 109 95 115 100 129 128 141 155
122 56 93 124 133 138
123 36 96 132 144 157
124 56 74 94 122 133
125 112 115 117 99 107 127 135 114
126 111 83 131 89 149
127 104 107 110 117 125
128 115 135 121 141 155 158 162 167 177 188 192 191 195 218
129 100 121 118 136 141
130 118 97 85 136 143 147
131 83 126 96 137 145 149
132 36 52 123 153 157 166 176
133 94 99 124 114 122 138 151 160
134 52 93 138 148 151 159
135 115 128 125 114 158 165 163 196 256 267
136 129 118 130 141 143
137 96 131 145 144 169 179 180
138 93 122 134 133 151
139 53 120 102 98 146 154 172
140 76 70 171
141 121 129 136 143 128 155
142 113
143 130 136 141 155 167 147 181
144 123 96 137 157 170 179 180
145 131 149 137 169 175
146 120 139 150 172 178
147 85 130 119 150 143 168 181 207
148 52 134 153 161 159
149 131 126 145 89 175
150 119 120 146 147 168 178
151 133 138 134 159 160 173
152 114
153 52 148 132 161 166
154 98 139 92 172 156 215 238 250
155 121 141 128 143 167
156 70 92 171 154 215
157 123 144 132 170 176
158 135 128 165 162
159 134 151 148 173 161 186
160 133 151 114 173 193 200
161 153 148 159 182 166 186
162 158 165 128 183 191 198 195 208 220 223 226 229
163 114 164 174 184 135 196 201 205
164 114 163 174 190 200 205 219
165 135 158 162 183 206 214 222 228 246 264 267 271
166 132 153 176 161 182 179
167 155 143 128 181 192
168 150 147 178 189 181 207 230
169 145 137 175 180
170 144 157 179 176
171 70 140 156 215 253
172 146 139 178 154 211 250
173 159 151 160 186 193
174 164 163 184 190
175 145 169 149 180 89 187
176 132 157 166 170 179
177 128 188
178 150 168 146 172 189 209 211
179 137 144 180 170 176 197 166 182 193 216 217
180 137 144 179 169 175 187 197 203 212 202
181 143 167 147 192 207 168
182 161 186 193 166 179
183 165 162 206 220 222
184 174 163 190 205 201
185 68 113 199 259 210 343 353
186 161 159 173 182 193
187 89 175 68 180 199 202 210 212
188 177 128 195
189 168 178 209 230
190 164 174 184 205
191 128 162 195
192 128 167 181 218 207 236 251
193 173 186 182 160 200 179 217
194 42 113 338 373
195 188 128 191 162 204 208 213 218 231 236
196 163 135 201 256
197 179 180 203 216 221 227 240
198 162 229
199 68 187 210 185 259
200 160 114 193 164 217 219 252 280 299
201 163 196 184 205 235 260 261 256
202 187 212 210 180 224
203 180 197 212 221 225 233
204 195 208 213 234
205 190 184 164 163 201 219 235
206 165 183 222 228 220
207 181 147 168 192 230 236 251 254
208 195 204 162 226 223 239 213 234 244
209 189 178 211 230
210 199 187 202 224 232 247 259 185
211 172 178 209 250 230 263
212 180 203 187 202 224 225
213 195 204 231 234 208 241
214 165 228
215 154 156 171 238 258 253 294
216 179 197 217 240 243
217 193 200 179 216 243 299 240 325
218 192 128 195 236
219 164 205 200 235 275 299
220 162 183 222 229 206 228 226 249
221 197 203 227 233 245
222 165 206 183 220 228
223 162 226 208
224 202 212 210 232 225 242
225 212 203 233 224 242
226 162 223 208 229 237 239 220 249 272 276 282 283 291 292 300 307
227 221 197 240 245 266
228 165 222 206 220 214 246 249 255
229 162 198 226 220 249
230 168 189 209 207 254 211 263 279
231 195 213 236 241 257
232 210 224 242 247 265 278
233 203 225 221 242 245 262
234 213 204 208 241 244 268 269
235 205 219 201 261 275 284
236 231 195 218 192 207 251 257
237 226
238 154 215 250 258 273
239 226 208 244 272
240 197 216 227 266 285 302 217 317 325
241 213 231 234 268 257 289
242 232 224 225 233 265 262
243 216 217
244 208 239 234 272 269 303
245 221 233 227 262 266 281
246 165 228 255 264
247 210 232 259 274 278 265
248 113
249 220 226 228 229 255 276
250 172 154 238 211 263 273 277 335 346 347 350
251 192 207 236 257 254 279 286
252 200 280
253 171 215 294
254 207 230 251 279
255 228 246 249 264 276 293
256 196 135 267 260 201 270
257 236 251 231 241 289 286
258 238 215 277 273 294
259 199 210 185 247 274 305 353 341 360
260 201 261 256 270 287 296
261 235 201 260 284 287
262 233 245 242 265 281 288
263 230 211 250 279 304 346 355 347
264 165 246 271 255 276 293
265 232 242 247 278 262 290 288
266 227 240 245 285 281 298 311
267 256 135 165 270 271 297 296 316 319 323 344 352
268 234 241 269 289 313 324
269 234 268 244 303 324
270 256 267 260 287 296
271 165 264 267 297 293
272 239 244 226 291 292 303 309
273 250 238 258 277 335
274 247 259 278 305 322
275 219 235 284 295 301 299 334
276 255 249 226 282 293 264 308
277 258 273 294 250 335 363 382
278 247 232 265 274 290 322
279 254 230 251 286 263 304
280 200 252 299
281 245 266 262 288 310 311
282 226 276 300 293 308 315
283 226
284 235 261 275 287 295
285 266 240 298 302 320
286 251 279 257 289 304 313 327
287 261 260 284 270 296 295 306 314
288 262 281 265 290 310 312
289 241 257 268 286 313
290 265 278 288 312 322
291 226 272 292 309 321 332
292 226 272 291 307 321 340 332 348
293 264 255 276 271 297 308 282 319 330
294 277 258 253 215 357 384 382 404 406 363
295 275 284 301 287 306
296 287 260 270 267 316 314
297 267 271 293 319 330
298 266 285 311 320
299 200 280 217 219 326 275 334 325 362 379 381
300 226 282 307 315 318
301 275 295 306 333 334
302 285 240 317 320 329 331
303 244 269 272 309 324 332
304 279 286 263 327 355
305 259 274 322 341
306 295 287 301 314 333
307 226 292 300 318 340
308 276 282 293 315 330 342 345
309 272 303 291 321 332
310 288 281 311 312 328
311 281 310 266 298 320 339 328 359
312 288 290 310 322 328 336 341
313 268 289 286 327 324 358 365
314 306 287 296 316 333 349
315 282 300 308 318 342 340
316 296 267 314 349 344 385 407 424 433 453 455
317 240 302 329 325 356
318 300 307 315 340 342
319 267 297 323 293 330 351
320 285 298 302 331 311 339 364
321 292 291 309 332
322 290 312 274 278 305 341
323 267 319 344 352 351 370
324 269 268 303 313 332 365
325 217 240 317 299 356 362 367 368 380
326 299
327 286 313 304 358 355 390
328 312 310 336 311 359 339 371
329 302 331 317 356 376
330 297 293 319 308 345 351 354
331 320 302 329 364 376
332 321 291 309 303 292 348 324 365 375 396 398 411 457
333 301 306 314 349 334 385
334 275 301 299 333 349 385 381 402
335 250 273 277 350 363 347 386 391
336 312 341 328 366 371
337 965 2 981 990
338 194 113 373 699 788
339 311 320 328 359 364 389
340 307 318 292 348 315 342 361
341 322 305 312 336 259 360 366
342 308 315 345 340 318 361 372
343 113 185 353 373 520
344 267 323 352 316 377 407 409
345 330 308 342 354 369 372
346 263 250 347
347 250 346 350 263 355 335 386
348 340 292 332 361 375
349 333 314 316 334 385
350 250 347 335
351 319 330 323 354 370 374
352 267 344 323 370 377
353 185 259 360 343 472 520
354 330 345 351 369 374 395 393
355 304 263 347 327 386 390
356 317 325 329 368 376 383 388
357 294 384 465
358 313 327 365 390 422 446 480
359 328 311 339 371 389 417
360 259 341 353 366 401 429 472
361 340 342 348 372 375 378
362 325 299 367 379 397
363 277 335 391 294 404 441 488 495
364 320 331 339 389 376 394
365 324 313 332 358 396 452 481 480 490
366 341 336 371 360 401
367 325 362 380 397 418 423
368 356 325 383 380 392
369 354 345 372 395 393
370 352 323 351 374 377 399
371 336 328 359 366 401 389 417
372 342 361 345 378 369 400 395 410
373 194 113 338 343 520 699
374 351 354 370 393 399 405
375 348 332 361 378 387 398
376 331 329 356 388 364 394
377 344 352 370 407 409 399 413
378 361 375 372 387 400 403
379 362 299 381 397
380 325 368 367 392 418
381 299 379 334 402 397 408 415
382 294 277
383 356 368 388 392 420 421
384 294 357 406 465 471
385 334 333 349 402 316 424
386 355 347 335 390 391 412 425 432
387 378 375 403 398 416
388 376 356 383 394 421 439 448
389 339 364 359 394 414 417 371 429
390 327 358 355 386 412 422 432 440 442
391 335 363 386 425 441
392 368 383 380 420 418 436
393 354 374 369 395 405 427 430
394 364 376 389 414 388 439
395 354 369 393 372 410 428 430
396 332 365 452 457 467 479 503 507 510 521 522
397 362 379 367 381 415 423 437
398 375 332 387 411 416 403 419
399 370 374 405 377 413 427 435
400 372 378 403 410 431 458
401 366 371 360 417 429
402 334 385 381 408 426 424 434
403 378 400 387 398 416 431
404 294 406 363 495 516 564 552
405 374 399 393 427
406 294 404 384 471 516
407 344 409 377 316 438 433 453 451
408 381 415 402 434
409 344 377 407 413 438
410 372 400 395 428 449 458
411 398 332 419 445 457 467 470 476
412 386 390 432
413 377 409 399 438 435 443
414 389 394 429 439 454 448 483
415 381 408 397 437 434 463 466 461
416 387 398 403 419 431
417 371 359 389 401 429
418 380 367 392 423 436 462 460
419 398 411 416 431 445
420 383 392 421 436 469 474
421 388 383 420 439 448 469
422 358 390 442 446
423 367 418 397 437 460 462
424 385 316 402 426 455 456
425 386 391 432 441 459
426 402 434 424 450 456
427 405 393 430 399 435 444
428 395 410 430 447 449 477
429 389 414 417 454 401 360 472
430 393 395 427 428 444 447 482 473
431 403 416 400 419 445 458
432 412 386 390 425 440 459
433 316 407 453
434 402 426 408 415 450 461
435 399 427 413 444 443 464 473
436 392 418 420 462 469 474
437 397 415 423 460 463
438 409 413 443 407 451
439 394 388 448 421 414
440 390 432 442 459
441 391 363 425 459 488
442 422 390 440 446 459 468
443 413 435 438 451 464 484
444 427 435 430 464 473 482
445 431 419 411 458 470 475 478
446 358 422 442 468 480
447 430 428 477 482
448 439 388 421 414 469 493 483 513
449 428 410 458 477 485 492
450 434 426 456 461
451 407 453 438 443 486 455 484 494 504
452 365 396 479 481
453 433 407 316 451 455 486
454 429 414 483 472 585 604 625
455 316 424 453 456 486 451
456 424 426 450 455 461 486 502 505
457 411 332 396 467
458 410 400 449 431 445 475 485 492
459 432 425 442 440 441 468 488 534
460 423 437 462 418 463 487 491
461 434 450 415 466 456 501 502
462 418 423 460 436 474 491
463 437 415 466 460 487 501 526
464 435 444 473 443 484 498 496
465 384 357 471 519
466 415 463 461 501
467 411 457 470 476 396 503 510
468 442 446 459 480 490 534
469 421 420 448 474 436 493 500 514
470 445 411 476 467 478 499
471 406 384 465 519 516
472 353 360 429 454 520 625
473 435 444 464 482 430 498 509 527
474 436 462 420 469 491 497 500
475 458 445 478 492
476 470 411 467 499 510 528
477 447 428 449 482 485 506 509
478 445 470 475 499 492 518
479 396 452 481 489 490 507
480 358 446 365 490 468
481 452 365 479 490 489
482 444 430 473 447 477 509 506
483 454 414 448 513 550 568 570 585 593
484 443 464 451 504 496 508
485 449 477 458 492 506
486 451 453 455 494 456 505 502
487 460 463 491 524 526 501 540
488 363 441 459 495 544 534 552 595 636
489 481 490 479 507 515
490 481 489 365 480 468 479 515 537 548 534 573
491 474 462 497 460 487 524
492 458 475 449 485 478 518 506 535 539 541
493 448 469 500 514 513 551
494 451 486 504 505 525 531
495 363 404 488 552
496 464 498 484 508 532 527
497 474 491 500 512 524 538
498 464 473 496 527
499 470 476 478 528 518 539 558
500 469 474 497 512 514 493
501 461 466 502 463 526 487 529 530
502 456 461 486 505 501 517 523 529
503 467 396 510 511 521 536
504 451 484 494 508 531 533 542 532 545
505 486 494 456 502 525 523
506 477 485 482 509 492 541
507 396 479 489 515 521 522
508 484 504 496 532 542
509 482 477 506 473 527 541 547
510 476 467 503 396 511 528 536
511 510 503 536 528 559
512 500 497 514 538
513 483 448 493 551 550
514 493 469 500 512 551 538 569 591
515 489 507 490 522 537 555
516 406 404 471 564 519 624 696 701
517 502 523 529 553 560 561
518 492 478 535 499 539
519 465 471 516
520 343 353 472 625 373 699 727 741
521 396 503 507 522 536 554 559
522 507 396 521 515 554 555 563
523 505 517 502 525 549 561 560
524 491 487 497 540 538 557 579
525 505 494 531 523 549 561
526 463 501 487 530 540 571 582 598
527 473 509 498 496 532 546 547 541 562
528 499 476 510 511 536 559 558 574
529 501 502 517 530 543 553
530 501 526 529 543 553 582
531 494 504 533 525 549 545
532 496 508 527 542 504 546 547
533 504 531 545 542
534 468 459 488 544 490 573
535 492 518 539 541 565 575
536 511 503 510 528 521 559 554
537 490 515 548 555 583
538 512 497 514 524 569 557 579 596 597
539 492 518 535 499 558 575
540 487 526 524 557 571 581
541 492 506 509 535 547 527 565 584 586
542 504 508 532 533 545 546 556 567 572
543 530 529 553
544 488 534 573 592 595
545 533 542 504 531 549 567 572 566 576
546 527 532 547 542 556 562
547 527 532 546 509 541 562
548 537 490 573 583 590
549 531 525 545 561 523 566
550 513 551 483 568
551 493 513 514 550 568 591 599
552 495 488 404 564 636 678 703
553 529 543 517 560 530 582 607 617
554 521 522 563 559 536 580 602
555 522 515 537 563 583 621
556 542 546 572 577 562 588 601
557 524 540 538 579 581 600
558 539 499 528 575 574 559
559 528 511 536 521 554 574 558 580
560 517 553 523 561 609 617
561 525 549 523 566 560 517 578 605 609
562 527 547 546 556 588 586
563 522 554 555 602 621 630
564 404 516 552 703 696
565 541 535 584 575
566 549 561 576 578 545 567 605
567 545 542 572 566 576
568 483 550 570 551 587 599 591 614
569 514 538 591 594 596
570 483 568 587 593
571 540 526 581 598 582 616 622
572 545 542 567 556 577 576 606 603
573 548 490 534 590 544 592 608 618 634
574 558 575 528 559 580 612
575 539 558 574 535 565 584 612 631 655
576 566 578 567 545 572 606 611
577 556 572 601 603 610
578 566 576 561 605 611 646
579 538 524 557 600 597
580 559 554 574 602 612 633
581 557 540 571 600 616 622
582 526 530 553 598 571 607 619 635
583 537 548 555 590 621 623
584 541 565 586 589 575 620 654 655
585 454 483 593 604 614 660
586 541 562 584 589 588 620
587 570 568 593 614
588 556 562 586 601 610 620 632
589 584 586 620 647 654
590 548 573 583 608 623 648 650
591 551 514 569 599 594 568 627 637 615
592 544 573 595 613 618
593 483 585 570 587 614
594 569 591 596 615
595 544 488 592 613 636 643
596 569 538 597 594 615 626
597 538 596 579 626 600 649 651
598 526 571 582 619 616
599 568 551 591 614 627
600 579 557 581 597 622 645 651
601 556 577 588 610 603
602 554 563 580 630 633 639 658
603 577 572 606 601 610 629 646
604 454 585 625 660 670 746
605 561 566 609 578 642 646 663
606 576 572 603 611 629 646
607 553 582 617 635 638
608 573 590 634 648 650
609 561 605 560 617 642 644 653
610 601 588 577 603 629 632 657
611 576 606 578 646
612 574 580 575 631 633 652
613 592 595 618 643 634 676
614 568 599 587 627 593 585 660 637 685 686
615 594 596 626 591 637
616 581 571 622 598 619 628 640
617 553 560 607 609 638 644
618 573 592 613 634
619 598 582 616 628 635
620 588 586 589 584 632 641 647
621 555 583 563 630 623 661 675
622 581 571 616 600 640 645 659
623 583 590 621 650 661 682 679
624 516 701
625 472 454 604 520 670 727
626 596 597 615 649 637
627 599 591 637 614
628 616 619 640 656 635 662
629 603 610 606 646 657 665 669
630 563 621 602 658 675
631 575 612 655 652 674
632 588 620 610 641 657 666
633 580 602 612 639 652 664
634 573 618 608 648 613 676 677
635 619 582 607 638 628 662 656 667
636 595 488 643 552 678 719
637 627 591 615 626 614 649 686 687 692 672 720 721
638 607 617 635 644 667 680
639 602 633 658 664
640 622 616 628 656 659 645 668 671
641 620 632 647 666 681 684
642 609 605 653 663 646
643 595 636 613 676 719
644 617 609 653 638 673 680
645 600 651 622 659 640 672
646 606 603 629 611 578 605 642 663 665
647 620 589 654 641 681
648 608 634 590 650 677 679
649 597 626 651 637 672 692
650 590 648 608 623 679 682
651 600 645 597 649 672
652 612 633 631 664 674 693
653 609 644 642 673 663 697
654 589 647 584 655 688 681 711 714
655 575 631 584 654 674 688
656 628 640 662 635 668 683 689 704
657 610 632 629 666 669 691 700
658 602 630 639 664 675 695 694
659 645 622 640 668 671 672
660 585 614 604 685 716 735 746 769
661 621 623 675 682 707
662 628 635 656 667 689
663 646 665 605 642 653 697 702 706
664 633 639 652 658 693 695
665 646 629 663 669 702
666 657 632 641 684 691
667 635 638 662 689 680 708
668 640 656 659 671 683
669 629 657 665 700 702 723
670 625 604 727 746 774 805
671 659 668 640 672 683 690
672 645 659 671 651 649 690 637 692
673 644 653 680 697 725 724
674 631 652 655 688 693 698
675 630 658 621 661 694 707 732
676 634 613 643 677 718 733 719
677 648 634 679 676 718 705
678 552 636 719 703 757 765
679 650 648 677 623 682 705
680 638 644 673 667 708 725
681 641 647 654 684 713 717 711
682 623 661 679 650 707 705 722
683 671 668 656 690 704 712
684 641 666 681 691 713 717
685 660 614 686 716
686 637 614 685 687 709 716 729
687 637 686 709 721
688 654 655 674 698 714 711 736
689 656 662 667 704 708
690 672 671 692 683 712
691 666 684 657 713 700 734
692 649 672 637 690 720 712 730 750
693 652 664 674 695 698 715
694 658 695 675 726 732 707
695 664 658 694 693 715 726 740
696 516 564 701 703 749 745
697 653 673 663 706 710 724
698 674 693 688 715 736 739
699 373 520 338 741 788 887 911 932
700 669 657 691 702 723 731 713 734 742
701 624 516 696 749
702 663 665 669 706 723 700 731
703 564 696 552 745 678 757 837
704 656 689 683 712 708 728 737
705 679 682 677 722 718 751
706 663 702 697 710 723 724 738 744
707 661 682 675 722 694 732 756
708 667 689 704 680 737 725 750 763
709 687 686 721 729
710 697 706 724
711 654 688 714 681 717 713 743 759 754
712 690 683 704 692 728 750
713 691 684 681 717 700 734 743 711
714 688 654 711 736 754 759
715 693 698 695 739 740
716 685 686 660 735 729 747
717 681 713 684 711
718 677 676 705 733 751 755 762
719 643 636 678 676 733 755 765 786
720 637 692 721 730 758 792 812
721 709 687 637 720 729 758
722 682 707 705 751 753 756
723 706 702 669 700 731 744 760
724 697 710 706 673 738 725
725 680 673 708 724 738 752 763
726 695 694 732 740 766
727 520 625 670 805 741 867 907
728 704 712 737 750
729 686 709 721 716 747 758
730 692 720 750 787 812 838 860 873
731 702 700 723 742 760 778
732 694 726 675 707 756 766 779 785
733 676 718 719 755
734 700 691 713 742 743 748
735 660 716 747 769 771
736 688 698 714 739 754 761
737 704 708 728 750
738 724 706 725 752 744 773 763
739 698 715 736 740 761 764
740 695 726 715 739 766 764 783
741 699 520 727 931 932 907
742 700 734 731 748 767 778
743 713 734 748 711 759 784 772
744 706 723 760 738 773
745 703 696 749 837 871 886
746 670 604 660 774 769 775 782
747 716 729 735 758 771 776
748 734 742 743 767 778 784 781
749 701 696 745 871 872
750 712 692 728 737 708 730 763 787
751 705 722 718 753 762 789 803
752 725 738 763 773
753 722 751 756 789 785
754 714 736 711 759 772 770 761
755 733 719 718 762 786 804
756 707 722 753 732 785 789
757 678 703 765 799 837
758 729 721 747 720 776 780 792
759 711 743 754 714 772 784
760 744 723 731 773 778 793 800 809 813
761 736 739 764 754 770 794 791
762 718 755 751 803 804
763 725 752 708 750 773 738 787 795
764 739 761 740 783 791 794
765 678 719 786 757 799
766 726 732 740 779 783 798 806
767 742 748 778
768 925 985 993
769 735 660 771 746 782 776 808 818 823 829 841 774 857 856 862 878
770 754 772 777 761 794 810 820
771 735 747 769 776
772 759 754 770 777 743 784 797 796
773 752 738 763 744 760 790 793 795 801 802
774 670 746 775 805 814 848 829 769 857 862 867
775 746 782 774 814
776 747 758 780 771 769 818
777 770 772 797 810
778 748 767 781 742 731 760 784 796 813 817 797 821
779 732 766 785 806 798 807 816
780 758 776 792 818 822
781 748 784 778
782 746 769 775 808 814
783 764 740 766 791 798
784 748 781 743 772 759 778 796 797
785 732 756 779 789 753 807
786 719 765 755 799 804 819
787 750 763 730 795 811 826 838
788 338 699 887 925
789 751 753 756 785 803 807 825 836
790 773 793 801
791 764 783 761 794 798 815
792 758 720 780 812 822
793 790 773 760 801 802 809 795 811 833
794 761 770 764 791 815 820 824
795 763 773 787 793 802 811
796 784 797 772 778
797 784 772 796 777 810 778 821 831
798 783 791 766 806 779 815
799 786 765 757 819 837 849
800 760
801 790 773 793 809
802 773 793 795 811
803 751 762 789 804 832 836
804 762 755 803 786 819 832
805 670 774 727 867
806 766 779 798 816 815 827
807 785 789 779 816 825 842 843
808 782 769 814 829
809 793 760 801 813 830 833 834 835
810 777 770 797 820 824 831
811 787 795 793 802 826 833
812 720 792 730 822 852 873 881 899
813 760 778 817 809 830 844 853
814 775 782 774 808 829 848
815 791 798 794 806 827 824 828
816 779 806 807 827 843
817 778 813 821 844 845 863 866 853
818 769 776 780 822 841
819 786 804 799 849 832 888 895 893
820 810 770 824 794 831 840 839
821 778 797 817 831 845
822 780 792 818 812 841 852
823 769
824 810 820 794 815 828 840 854 858
825 807 789 836 842 846 850
826 811 787 833 838
827 806 815 828 816 843 847 859
828 815 827 824 847 854
829 769 808 814 848 774
830 813 809 834 853 855
831 797 810 820 821 839 845
832 804 803 836 819 861 888
833 811 793 809 835 826 838 891
834 809 835 830 855 864 865
835 809 833 834 865 879 880 891
836 789 825 803 832 846 861
837 703 745 799 757 849 886 893
838 787 826 730 860 833 870 876 891 903
839 820 840 831 845
840 820 839 824 845 858 868 869
841 769 818 822 852 856
842 807 825 843 851 850 846 877 875
843 816 807 827 842 851 859
844 813 817 853 866
845 831 839 821 840 817 863 868 866 889 894 904
846 825 836 850 842 861
847 828 827 854 859 882 885
848 814 829 774
849 799 837 819 893 895
850 825 846 842 861 877 884
851 843 842 859 875 877 883 902
852 841 822 856 812 881 878
853 830 813 844 855 866 817 892 900 897 912 915 917
854 824 828 847 858 874 882
855 834 830 853 864 865 892 897
856 841 769 852 857 878
857 769 774 862 856 878
858 840 824 854 869 874 882
859 847 827 843 851 883 885
860 730 838 876 873 905 924 948 949
861 846 836 850 832 884 888
862 774 769 857 878 890 867 910 899 935
863 817 845 866 889
864 834 865 855
865 834 864 835 879 855 897 880 913
866 844 817 853 863 845 889 868 904 894 915 916 917
867 774 805 862 727 907 935
868 845 840 869 894 866 904
869 840 858 868 874 894 898
870 838 876 896 903 905
871 749 872 745 886 922
872 749 871 922 961
873 812 730 860 899 939 948
874 858 854 882 869 898
875 851 877 842 902 909
876 860 838 870 905
877 842 850 851 875 884 909 919
878 857 769 856 862 852 881 890
879 835 865 880
880 835 879 891 865 906 913 929
881 852 812 878 899 890
882 858 874 854 847 885 901 898
883 859 851 885 902
884 850 861 888 877 895 919
885 847 859 882 883 901 902 908
886 837 745 871 893 922 953
887 788 699 911 925 942 959
888 861 832 819 884 895
889 845 863 866
890 862 878 881 899
891 835 880 833 838 903 906 896 914
892 853 855 900
893 849 837 819 895 886 941 953
894 868 869 898 904 845 866
895 819 888 849 893 884 919 936 941
896 870 903 905 891 914 924
897 865 855 853 900 912 913
898 869 894 874 882 901 904
899 881 812 873 890 862 935 939
900 853 897 892 912
901 882 885 898 908 904 921
902 885 883 851 875 909 908 920
903 838 891 870 896
904 845 868 894 866 898 901 916 918 917 923 921 928 930
905 876 860 870 896 924
906 880 891 914 929 946
907 727 867 741 931 935 966
908 885 902 901 921 920 927
909 902 875 877 920 919 934 940
910 862
911 887 699 959 932 984 993 995
912 900 853 897 915 917 913 954 956
913 897 865 912 880 929 954 957
914 896 891 906 924 943 946
915 853 912 866 917
916 866 904 917 918 926 933
917 853 866 915 916 904 912 933 951 956
918 904 916 923 926
919 877 884 909 895 936 940
920 902 909 908 927 934 938
921 908 901 904 927 928
922 871 872 886 953 961
923 904 918 926 930 937
924 905 896 860 914 943 949
925 788 887 942 959 985 768
926 916 918 923 933 937 951 955
927 921 908 920 928 930 938 945
928 904 921 930 927
929 880 913 906 946 957
930 904 923 928 927 937 945
931 741 932 907 966 973 975 977
932 741 931 699 975 978 984 911 995
933 917 916 926 951
934 909 920 940 938 947
935 862 867 899 939 907 960 948 966
936 919 895 940 952 941 965
937 923 930 926 945 950 955
938 920 927 945 934 947 958
939 873 899 944 935 948 966
940 909 919 934 936 952 947 958 963
941 893 895 936 953 965
942 887 925 959
943 924 914 949 946
944 939
945 930 937 927 938 950 958
946 914 906 943 929 949 957 967
947 934 938 940 958 963
948 873 860 939 949 966 935 981 990 994
949 943 924 860 946 948 967 981
950 937 945 955 958 964
951 933 926 917 956 955 962
952 940 936 965 963 972
953 893 886 922 941 965 961
954 913 912 957 956 968
955 937 926 950 951 962 964
956 917 951 912 954 962 968 974
957 913 954 929 946 967 968 976
958 938 947 945 940 950 963 964 969 970
959 925 942 887 911 985 993
960 935
961 872 922 953 965
962 951 955 956 964 971 974
963 947 940 958 952 969 972
964 955 950 962 958 970 971
965 952 936 941 953 972 961 337 2
966 907 931 935 939 948 973 994 997
967 946 949 957 976 981 996 998
968 954 956 957 976 974 988
969 958 963 970 972 983
970 964 958 971 969 980 983
971 964 970 962 974 979 980
972 952 963 969 965 986 983 2
973 931 966 977 982 984 997
974 956 962 968 971 979 988 992 991
975 932 931 978 977 982
976 957 968 967 988 996
977 931 975 973 982
978 932 975 982 984 987
979 971 974 980 989 991
980 971 970 979 983 989
981 967 949 948 990 998 996 2 337
982 978 975 977 987 984 973
983 969 970 980 972 986 989
984 978 932 987 982 995 911 973
985 925 959 993 768
986 972 983 989 2
987 978 982 984
988 968 974 976 992 996
989 979 980 983 991 986 2
990 948 981 994 337
991 979 989 974 992 996 2
992 988 974 996 991
993 911 959 985 995 768
994 966 948 990 997
995 911 932 984 993
996 988 967 976 992 981 991 2
997 973 966 994
998 981 967
